0.000000 7.138481 -0.090326 0.024036 0.000000 0.000000 0.000000 1.000000
0.100000 6.909265 0.081282 -0.074179 0.000000 0.000000 0.000000 1.000000
0.200000 7.005405 0.436856 -0.019084 0.000000 0.000000 0.000000 1.000000
0.300000 7.064614 0.398164 0.002305 0.000000 0.000000 0.000000 1.000000
0.400000 6.972432 0.656105 -0.036830 0.000000 0.000000 0.000000 1.000000
0.500000 6.929591 0.772229 0.068739 0.000000 0.000000 0.000000 1.000000
0.600000 6.845692 0.865673 0.003446 0.000000 0.000000 0.000000 1.000000
0.700000 7.046851 0.872278 0.042982 0.000000 0.000000 0.000000 1.000000
0.800000 6.954547 1.286375 -0.025771 0.000000 0.000000 0.000000 1.000000
0.900000 6.767029 1.305102 -0.026108 0.000000 0.000000 0.000000 1.000000
1.000000 6.718900 1.299314 0.017557 0.000000 0.000000 0.000000 1.000000
1.100000 6.554815 1.433223 -0.011250 0.000000 0.000000 0.000000 1.000000
1.200000 6.537526 1.593479 -0.072369 0.000000 0.000000 0.000000 1.000000
1.300000 6.353063 1.927689 0.007673 0.000000 0.000000 0.000000 1.000000
1.400000 6.087674 1.750920 0.004980 0.000000 0.000000 0.000000 1.000000
1.500000 6.109489 2.042808 -0.018140 0.000000 0.000000 0.000000 1.000000
1.600000 5.909028 1.900506 0.018176 0.000000 0.000000 0.000000 1.000000
1.700000 5.984397 1.983862 0.092594 0.000000 0.000000 0.000000 1.000000
1.800000 5.683437 2.060550 0.047971 0.000000 0.000000 0.000000 1.000000
1.900000 5.693647 2.307616 0.040020 0.000000 0.000000 0.000000 1.000000
2.000000 5.563201 2.412203 0.006555 0.000000 0.000000 0.000000 1.000000
2.100000 5.301666 2.505157 0.001858 0.000000 0.000000 0.000000 1.000000
2.200000 5.330688 2.362579 -0.076509 0.000000 0.000000 0.000000 1.000000
2.300000 5.119223 2.404461 -0.022596 0.000000 0.000000 0.000000 1.000000
2.400000 5.026493 2.505306 0.076360 0.000000 0.000000 0.000000 1.000000
2.500000 4.939754 2.584373 0.090553 0.000000 0.000000 0.000000 1.000000
2.600000 4.741030 2.346364 0.033874 0.000000 0.000000 0.000000 1.000000
2.700000 4.674868 2.698708 0.029482 0.000000 0.000000 0.000000 1.000000
2.800000 4.418590 2.437766 -0.023812 0.000000 0.000000 0.000000 1.000000
2.900000 4.209034 2.478431 0.083672 0.000000 0.000000 0.000000 1.000000
3.000000 4.185111 2.626360 -0.006962 0.000000 0.000000 0.000000 1.000000
3.100000 4.083945 2.423751 -0.018894 0.000000 0.000000 0.000000 1.000000
3.200000 3.813898 2.600972 -0.013094 0.000000 0.000000 0.000000 1.000000
3.300000 3.929762 2.516833 0.045066 0.000000 0.000000 0.000000 1.000000
3.400000 3.711250 2.620590 -0.026928 0.000000 0.000000 0.000000 1.000000
3.500000 3.629052 2.461086 -0.032694 0.000000 0.000000 0.000000 1.000000
3.600000 3.443732 2.442311 -0.001231 0.000000 0.000000 0.000000 1.000000
3.700000 3.588169 2.246003 -0.036256 0.000000 0.000000 0.000000 1.000000
3.800000 3.110551 2.407531 0.041046 0.000000 0.000000 0.000000 1.000000
3.900000 3.141752 2.354223 -0.041690 0.000000 0.000000 0.000000 1.000000
4.000000 2.863076 2.230558 0.082937 0.000000 0.000000 0.000000 1.000000
4.100000 2.745618 2.233335 -0.064350 0.000000 0.000000 0.000000 1.000000
4.200000 2.804114 2.227273 0.085537 0.000000 0.000000 0.000000 1.000000
4.300000 2.772466 2.037190 -0.039409 0.000000 0.000000 0.000000 1.000000
4.400000 2.514607 2.193795 -0.093859 0.000000 0.000000 0.000000 1.000000
4.500000 2.413484 2.027023 -0.084657 0.000000 0.000000 0.000000 1.000000
4.600000 2.457122 2.081257 -0.040844 0.000000 0.000000 0.000000 1.000000
4.700000 2.249848 2.036217 0.030062 0.000000 0.000000 0.000000 1.000000
4.800000 2.105458 2.016937 0.013388 0.000000 0.000000 0.000000 1.000000
4.900000 2.046518 1.813277 0.006839 0.000000 0.000000 0.000000 1.000000
5.000000 1.906517 1.834984 0.081821 0.000000 0.000000 0.000000 1.000000
5.100000 1.840016 1.694183 -0.058754 0.000000 0.000000 0.000000 1.000000
5.200000 1.936325 1.473266 -0.078529 0.000000 0.000000 0.000000 1.000000
5.300000 1.589656 1.565972 -0.002070 0.000000 0.000000 0.000000 1.000000
5.400000 1.619934 1.556200 0.092724 0.000000 0.000000 0.000000 1.000000
5.500000 1.597892 1.574654 -0.014400 0.000000 0.000000 0.000000 1.000000
5.600000 1.631530 1.353875 0.019057 0.000000 0.000000 0.000000 1.000000
5.700000 1.348332 1.426313 0.031214 0.000000 0.000000 0.000000 1.000000
5.800000 1.356338 1.388112 0.070728 0.000000 0.000000 0.000000 1.000000
5.900000 1.333026 1.077485 -0.122015 0.000000 0.000000 0.000000 1.000000
6.000000 1.168906 1.165688 0.018624 0.000000 0.000000 0.000000 1.000000
6.100000 1.078456 1.028735 0.003799 0.000000 0.000000 0.000000 1.000000
6.200000 0.976127 0.937261 0.045980 0.000000 0.000000 0.000000 1.000000
6.300000 0.845061 0.728187 0.044632 0.000000 0.000000 0.000000 1.000000
6.400000 0.714426 0.761043 0.016543 0.000000 0.000000 0.000000 1.000000
6.500000 0.809992 0.812129 -0.090550 0.000000 0.000000 0.000000 1.000000
6.600000 0.678139 0.557564 -0.073654 0.000000 0.000000 0.000000 1.000000
6.700000 0.583341 0.501578 -0.139237 0.000000 0.000000 0.000000 1.000000
6.800000 0.473498 0.523479 -0.006145 0.000000 0.000000 0.000000 1.000000
6.900000 0.503518 0.544028 0.011616 0.000000 0.000000 0.000000 1.000000
7.000000 0.300480 0.327458 0.073656 0.000000 0.000000 0.000000 1.000000
7.100000 0.305735 0.317056 0.020186 0.000000 0.000000 0.000000 1.000000
7.200000 0.321501 0.173543 0.054297 0.000000 0.000000 0.000000 1.000000
7.300000 0.328003 0.002005 -0.012943 0.000000 0.000000 0.000000 1.000000
7.400000 0.061549 0.125150 0.025610 0.000000 0.000000 0.000000 1.000000
7.500000 -0.283959 -0.038394 0.049055 0.000000 0.000000 0.000000 1.000000
7.600000 -0.063402 -0.208856 -0.043609 0.000000 0.000000 0.000000 1.000000
7.700000 -0.109547 0.096892 0.011431 0.000000 0.000000 0.000000 1.000000
7.800000 -0.163354 -0.371183 0.012449 0.000000 0.000000 0.000000 1.000000
7.900000 -0.584758 -0.187778 -0.009237 0.000000 0.000000 0.000000 1.000000
8.000000 -0.141798 -0.515064 0.001567 0.000000 0.000000 0.000000 1.000000
8.100000 -0.557197 -0.598188 0.055277 0.000000 0.000000 0.000000 1.000000
8.200000 -0.553465 -0.487067 0.011601 0.000000 0.000000 0.000000 1.000000
8.300000 -0.790666 -0.698854 0.057923 0.000000 0.000000 0.000000 1.000000
8.400000 -0.771099 -0.546607 0.032463 0.000000 0.000000 0.000000 1.000000
8.500000 -0.739933 -0.722900 -0.047125 0.000000 0.000000 0.000000 1.000000
8.600000 -0.993813 -0.629630 0.038615 0.000000 0.000000 0.000000 1.000000
8.700000 -0.921284 -0.792944 0.006457 0.000000 0.000000 0.000000 1.000000
8.800000 -1.166852 -1.049230 0.047610 0.000000 0.000000 0.000000 1.000000
8.900000 -0.977050 -0.996896 -0.005464 0.000000 0.000000 0.000000 1.000000
9.000000 -1.224609 -1.044608 0.061833 0.000000 0.000000 0.000000 1.000000
9.100000 -1.320903 -1.372569 -0.059249 0.000000 0.000000 0.000000 1.000000
9.200000 -1.179251 -1.155581 0.003786 0.000000 0.000000 0.000000 1.000000
9.300000 -1.362364 -1.239985 0.021768 0.000000 0.000000 0.000000 1.000000
9.400000 -1.606144 -1.350662 -0.008734 0.000000 0.000000 0.000000 1.000000
9.500000 -1.582192 -1.290765 0.057493 0.000000 0.000000 0.000000 1.000000
9.600000 -1.771939 -1.623305 0.143701 0.000000 0.000000 0.000000 1.000000
9.700000 -1.586621 -1.742900 0.040561 0.000000 0.000000 0.000000 1.000000
9.800000 -1.977551 -1.598557 -0.060189 0.000000 0.000000 0.000000 1.000000
9.900000 -2.100823 -1.559385 -0.011524 0.000000 0.000000 0.000000 1.000000
10.000000 -2.020567 -1.888046 -0.073972 0.000000 0.000000 0.000000 1.000000
10.100000 -2.091411 -1.723519 -0.063037 0.000000 0.000000 0.000000 1.000000
10.200000 -2.233043 -1.785074 0.033379 0.000000 0.000000 0.000000 1.000000
10.300000 -2.139222 -2.118112 0.044190 0.000000 0.000000 0.000000 1.000000
10.400000 -2.387993 -2.114423 -0.012887 0.000000 0.000000 0.000000 1.000000
10.500000 -2.538017 -2.092323 0.065459 0.000000 0.000000 0.000000 1.000000
10.600000 -2.609584 -2.129056 0.073125 0.000000 0.000000 0.000000 1.000000
10.700000 -2.665847 -2.283271 0.057616 0.000000 0.000000 0.000000 1.000000
10.800000 -2.636709 -2.149371 -0.001030 0.000000 0.000000 0.000000 1.000000
10.900000 -2.924269 -2.228018 -0.022300 0.000000 0.000000 0.000000 1.000000
11.000000 -3.098136 -2.175146 0.045421 0.000000 0.000000 0.000000 1.000000
11.100000 -3.212663 -2.157586 0.027925 0.000000 0.000000 0.000000 1.000000
11.200000 -3.296088 -2.160642 -0.099053 0.000000 0.000000 0.000000 1.000000
11.300000 -3.443070 -2.405702 -0.028722 0.000000 0.000000 0.000000 1.000000
11.400000 -3.585185 -2.382480 0.073572 0.000000 0.000000 0.000000 1.000000
11.500000 -3.656449 -2.457729 -0.013567 0.000000 0.000000 0.000000 1.000000
11.600000 -3.619969 -2.539134 -0.028326 0.000000 0.000000 0.000000 1.000000
11.700000 -3.967750 -2.459939 0.040205 0.000000 0.000000 0.000000 1.000000
11.800000 -3.845146 -2.294318 0.066348 0.000000 0.000000 0.000000 1.000000
11.900000 -4.415501 -2.467910 0.003355 0.000000 0.000000 0.000000 1.000000
12.000000 -4.432972 -2.677964 0.040411 0.000000 0.000000 0.000000 1.000000
12.100000 -4.438201 -2.490165 0.050631 0.000000 0.000000 0.000000 1.000000
12.200000 -4.559905 -2.664994 -0.080570 0.000000 0.000000 0.000000 1.000000
12.300000 -4.742602 -2.662583 0.030412 0.000000 0.000000 0.000000 1.000000
12.400000 -4.730745 -2.624486 0.103442 0.000000 0.000000 0.000000 1.000000
12.500000 -5.125047 -2.520168 -0.056453 0.000000 0.000000 0.000000 1.000000
12.600000 -5.051091 -2.444129 -0.066334 0.000000 0.000000 0.000000 1.000000
12.700000 -5.157266 -2.436639 -0.082258 0.000000 0.000000 0.000000 1.000000
12.800000 -5.330877 -2.310040 0.040072 0.000000 0.000000 0.000000 1.000000
12.900000 -5.397441 -2.142831 0.047822 0.000000 0.000000 0.000000 1.000000
13.000000 -5.587030 -2.253094 0.052705 0.000000 0.000000 0.000000 1.000000
13.100000 -5.634651 -2.223581 -0.004217 0.000000 0.000000 0.000000 1.000000
13.200000 -6.124065 -2.033020 -0.048827 0.000000 0.000000 0.000000 1.000000
13.300000 -5.932603 -2.001777 0.025546 0.000000 0.000000 0.000000 1.000000
13.400000 -6.001001 -1.900352 0.106615 0.000000 0.000000 0.000000 1.000000
13.500000 -6.121228 -2.031783 -0.000694 0.000000 0.000000 0.000000 1.000000
13.600000 -6.077870 -1.775249 0.045355 0.000000 0.000000 0.000000 1.000000
13.700000 -6.414993 -1.534373 -0.000929 0.000000 0.000000 0.000000 1.000000
13.800000 -6.486660 -1.545157 -0.044937 0.000000 0.000000 0.000000 1.000000
13.900000 -6.638638 -1.474543 -0.006825 0.000000 0.000000 0.000000 1.000000
14.000000 -6.628371 -1.361481 -0.023982 0.000000 0.000000 0.000000 1.000000
14.100000 -6.834219 -1.168387 0.055761 0.000000 0.000000 0.000000 1.000000
14.200000 -6.886254 -1.182713 0.039778 0.000000 0.000000 0.000000 1.000000
14.300000 -6.656032 -1.126405 0.000381 0.000000 0.000000 0.000000 1.000000
14.400000 -6.960627 -0.783138 -0.017795 0.000000 0.000000 0.000000 1.000000
14.500000 -7.047276 -0.788400 -0.005083 0.000000 0.000000 0.000000 1.000000
14.600000 -7.169976 -0.489046 0.021289 0.000000 0.000000 0.000000 1.000000
14.700000 -7.110611 -0.343309 -0.025807 0.000000 0.000000 0.000000 1.000000
14.800000 -6.986754 -0.316504 -0.006775 0.000000 0.000000 0.000000 1.000000
14.900000 -7.214598 -0.020965 0.037237 0.000000 0.000000 0.000000 1.000000
15.000000 -7.116609 0.190171 -0.048334 0.000000 0.000000 0.000000 1.000000
15.100000 -7.083562 0.124751 -0.033987 0.000000 0.000000 0.000000 1.000000
15.200000 -7.053554 0.503966 -0.019090 0.000000 0.000000 0.000000 1.000000
15.300000 -7.174309 0.577652 -0.000919 0.000000 0.000000 0.000000 1.000000
15.400000 -7.034540 0.657284 -0.033442 0.000000 0.000000 0.000000 1.000000
15.500000 -6.921069 0.690325 0.018768 0.000000 0.000000 0.000000 1.000000
15.600000 -6.860530 0.801868 0.086164 0.000000 0.000000 0.000000 1.000000
15.700000 -6.914694 0.962666 -0.003643 0.000000 0.000000 0.000000 1.000000
15.800000 -6.840711 1.216337 -0.052225 0.000000 0.000000 0.000000 1.000000
15.900000 -6.766066 1.392560 -0.055779 0.000000 0.000000 0.000000 1.000000
16.000000 -6.524348 1.475377 -0.033652 0.000000 0.000000 0.000000 1.000000
16.100000 -6.552513 1.462359 0.043327 0.000000 0.000000 0.000000 1.000000
16.200000 -6.661777 1.643537 -0.048605 0.000000 0.000000 0.000000 1.000000
16.300000 -6.362022 1.911939 -0.093957 0.000000 0.000000 0.000000 1.000000
16.400000 -6.127760 1.941331 0.035425 0.000000 0.000000 0.000000 1.000000
16.500000 -6.060440 2.155998 -0.066154 0.000000 0.000000 0.000000 1.000000
16.600000 -6.005646 1.934307 -0.049617 0.000000 0.000000 0.000000 1.000000
16.700000 -5.842228 1.957484 0.077667 0.000000 0.000000 0.000000 1.000000
16.800000 -5.679335 2.144019 0.050747 0.000000 0.000000 0.000000 1.000000
16.900000 -5.832729 2.304214 -0.026455 0.000000 0.000000 0.000000 1.000000
17.000000 -5.469991 2.338857 0.022944 0.000000 0.000000 0.000000 1.000000
17.100000 -5.313846 2.223846 0.037205 0.000000 0.000000 0.000000 1.000000
17.200000 -5.316712 2.322483 0.008638 0.000000 0.000000 0.000000 1.000000
17.300000 -4.980463 2.383989 -0.093673 0.000000 0.000000 0.000000 1.000000
17.400000 -5.029489 2.363642 0.007630 0.000000 0.000000 0.000000 1.000000
17.500000 -4.943455 2.621995 0.015191 0.000000 0.000000 0.000000 1.000000
17.600000 -4.761213 2.391540 -0.041211 0.000000 0.000000 0.000000 1.000000
17.700000 -4.606426 2.442698 0.044578 0.000000 0.000000 0.000000 1.000000
17.800000 -4.507250 2.630798 -0.056741 0.000000 0.000000 0.000000 1.000000
17.900000 -4.600279 2.517890 -0.002116 0.000000 0.000000 0.000000 1.000000
18.000000 -4.164468 2.442933 0.037571 0.000000 0.000000 0.000000 1.000000
18.100000 -4.175542 2.481843 -0.024731 0.000000 0.000000 0.000000 1.000000
18.200000 -4.008017 2.482110 0.025273 0.000000 0.000000 0.000000 1.000000
18.300000 -4.008064 2.501552 -0.044340 0.000000 0.000000 0.000000 1.000000
18.400000 -3.880205 2.359064 0.074415 0.000000 0.000000 0.000000 1.000000
18.500000 -3.524882 2.318772 0.045258 0.000000 0.000000 0.000000 1.000000
18.600000 -3.391667 2.317675 -0.024474 0.000000 0.000000 0.000000 1.000000
18.700000 -3.280599 2.329355 -0.001226 0.000000 0.000000 0.000000 1.000000
18.800000 -3.210939 2.174651 0.114611 0.000000 0.000000 0.000000 1.000000
18.900000 -3.092204 2.437721 0.040050 0.000000 0.000000 0.000000 1.000000
19.000000 -2.913615 2.276022 -0.053639 0.000000 0.000000 0.000000 1.000000
19.100000 -2.835575 2.087236 -0.084455 0.000000 0.000000 0.000000 1.000000
19.200000 -2.675765 2.250153 -0.015127 0.000000 0.000000 0.000000 1.000000
19.300000 -2.759466 2.038325 0.038826 0.000000 0.000000 0.000000 1.000000
19.400000 -2.638958 2.212831 0.033684 0.000000 0.000000 0.000000 1.000000
19.500000 -2.429097 1.957781 0.036580 0.000000 0.000000 0.000000 1.000000
19.600000 -2.318991 2.005118 -0.000672 0.000000 0.000000 0.000000 1.000000
19.700000 -2.143458 1.876179 0.050094 0.000000 0.000000 0.000000 1.000000
19.800000 -2.183525 1.942163 -0.031455 0.000000 0.000000 0.000000 1.000000
19.900000 -2.065129 1.678836 0.037202 0.000000 0.000000 0.000000 1.000000
20.000000 -2.024241 1.598410 0.011610 0.000000 0.000000 0.000000 1.000000
20.100000 -1.917042 1.718429 -0.037442 0.000000 0.000000 0.000000 1.000000
20.200000 -1.504678 1.625629 0.007825 0.000000 0.000000 0.000000 1.000000
20.300000 -1.510517 1.390035 -0.007198 0.000000 0.000000 0.000000 1.000000
20.400000 -1.656432 1.487116 -0.050427 0.000000 0.000000 0.000000 1.000000
20.500000 -1.461264 1.291326 -0.056152 0.000000 0.000000 0.000000 1.000000
20.600000 -1.290998 1.303953 -0.011163 0.000000 0.000000 0.000000 1.000000
20.700000 -1.407744 1.191976 0.043417 0.000000 0.000000 0.000000 1.000000
20.800000 -1.180940 1.290904 0.002835 0.000000 0.000000 0.000000 1.000000
20.900000 -1.240568 1.144537 -0.022774 0.000000 0.000000 0.000000 1.000000
21.000000 -1.053053 1.080581 0.067387 0.000000 0.000000 0.000000 1.000000
21.100000 -1.078757 1.016183 0.098966 0.000000 0.000000 0.000000 1.000000
21.200000 -0.798994 0.907197 0.063370 0.000000 0.000000 0.000000 1.000000
21.300000 -0.784791 0.692909 -0.005603 0.000000 0.000000 0.000000 1.000000
21.400000 -0.708984 0.871364 0.079790 0.000000 0.000000 0.000000 1.000000
21.500000 -0.640176 0.679187 0.062307 0.000000 0.000000 0.000000 1.000000
21.600000 -0.761814 0.645789 0.015931 0.000000 0.000000 0.000000 1.000000
21.700000 -0.601286 0.577481 0.057982 0.000000 0.000000 0.000000 1.000000
21.800000 -0.668760 0.453200 -0.022792 0.000000 0.000000 0.000000 1.000000
21.900000 -0.371019 0.333410 0.071878 0.000000 0.000000 0.000000 1.000000
22.000000 -0.296056 0.393953 0.007944 0.000000 0.000000 0.000000 1.000000
22.100000 -0.275381 0.381328 0.027060 0.000000 0.000000 0.000000 1.000000
22.200000 -0.085372 0.193864 -0.001456 0.000000 0.000000 0.000000 1.000000
22.300000 -0.303353 0.080852 0.002090 0.000000 0.000000 0.000000 1.000000
22.400000 -0.038898 0.034351 0.028742 0.000000 0.000000 0.000000 1.000000
22.500000 -0.030458 0.044115 0.043176 0.000000 0.000000 0.000000 1.000000
22.600000 0.263746 -0.188440 0.028538 0.000000 0.000000 0.000000 1.000000
22.700000 0.188011 -0.134841 0.027173 0.000000 0.000000 0.000000 1.000000
22.800000 0.312343 -0.278152 0.102760 0.000000 0.000000 0.000000 1.000000
22.900000 0.316410 -0.240073 0.003259 0.000000 0.000000 0.000000 1.000000
23.000000 0.426949 -0.398402 0.068887 0.000000 0.000000 0.000000 1.000000
23.100000 0.662697 -0.386806 0.020279 0.000000 0.000000 0.000000 1.000000
23.200000 0.590756 -0.512641 0.004136 0.000000 0.000000 0.000000 1.000000
23.300000 0.739460 -0.795805 0.078351 0.000000 0.000000 0.000000 1.000000
23.400000 0.889771 -0.696916 0.041554 0.000000 0.000000 0.000000 1.000000
23.500000 0.784865 -0.905879 0.101435 0.000000 0.000000 0.000000 1.000000
23.600000 1.088688 -0.880192 0.039687 0.000000 0.000000 0.000000 1.000000
23.700000 0.982285 -0.943521 -0.015125 0.000000 0.000000 0.000000 1.000000
23.800000 1.065080 -0.986702 0.067814 0.000000 0.000000 0.000000 1.000000
23.900000 1.251744 -0.922461 0.020889 0.000000 0.000000 0.000000 1.000000
24.000000 1.304176 -1.261623 0.029923 0.000000 0.000000 0.000000 1.000000
24.100000 1.369509 -1.163070 -0.034286 0.000000 0.000000 0.000000 1.000000
24.200000 1.248407 -1.273718 -0.043197 0.000000 0.000000 0.000000 1.000000
24.300000 1.459486 -1.286276 0.022712 0.000000 0.000000 0.000000 1.000000
24.400000 1.612546 -1.453454 -0.123580 0.000000 0.000000 0.000000 1.000000
24.500000 1.476923 -1.442330 0.001685 0.000000 0.000000 0.000000 1.000000
24.600000 1.705511 -1.647005 -0.000535 0.000000 0.000000 0.000000 1.000000
24.700000 1.598204 -1.759441 0.086205 0.000000 0.000000 0.000000 1.000000
24.800000 1.759626 -1.753688 -0.037583 0.000000 0.000000 0.000000 1.000000
24.900000 2.091757 -1.878170 -0.005276 0.000000 0.000000 0.000000 1.000000
25.000000 2.165402 -1.768938 -0.021728 0.000000 0.000000 0.000000 1.000000
25.100000 2.175595 -1.826266 0.087086 0.000000 0.000000 0.000000 1.000000
25.200000 2.426472 -1.885875 0.000168 0.000000 0.000000 0.000000 1.000000
25.300000 2.532743 -2.087006 -0.038486 0.000000 0.000000 0.000000 1.000000
25.400000 2.409226 -2.089133 -0.020036 0.000000 0.000000 0.000000 1.000000
25.500000 2.611777 -2.189406 -0.000491 0.000000 0.000000 0.000000 1.000000
25.600000 2.766410 -2.032868 -0.001127 0.000000 0.000000 0.000000 1.000000
25.700000 2.854499 -2.103188 -0.060760 0.000000 0.000000 0.000000 1.000000
25.800000 2.820331 -2.327200 -0.020312 0.000000 0.000000 0.000000 1.000000
25.900000 3.085023 -2.246289 0.058839 0.000000 0.000000 0.000000 1.000000
26.000000 3.216047 -2.056539 0.055898 0.000000 0.000000 0.000000 1.000000
26.100000 3.200141 -2.468691 0.020958 0.000000 0.000000 0.000000 1.000000
26.200000 3.131956 -2.217503 0.048928 0.000000 0.000000 0.000000 1.000000
26.300000 3.450198 -2.403234 -0.006528 0.000000 0.000000 0.000000 1.000000
26.400000 3.593423 -2.408401 0.055888 0.000000 0.000000 0.000000 1.000000
26.500000 3.842588 -2.522869 -0.022713 0.000000 0.000000 0.000000 1.000000
26.600000 4.049241 -2.451455 0.074894 0.000000 0.000000 0.000000 1.000000
26.700000 4.070441 -2.340442 -0.010505 0.000000 0.000000 0.000000 1.000000
26.800000 4.131084 -2.446231 0.067306 0.000000 0.000000 0.000000 1.000000
26.900000 4.124757 -2.407923 -0.009347 0.000000 0.000000 0.000000 1.000000
27.000000 4.272205 -2.478470 0.048089 0.000000 0.000000 0.000000 1.000000
27.100000 4.568849 -2.488690 -0.016467 0.000000 0.000000 0.000000 1.000000
27.200000 4.715640 -2.560684 0.000945 0.000000 0.000000 0.000000 1.000000
27.300000 4.630455 -2.527867 -0.011681 0.000000 0.000000 0.000000 1.000000
27.400000 4.861414 -2.563536 -0.045353 0.000000 0.000000 0.000000 1.000000
27.500000 5.122166 -2.348569 0.078046 0.000000 0.000000 0.000000 1.000000
27.600000 5.165590 -2.399636 -0.034565 0.000000 0.000000 0.000000 1.000000
27.700000 5.223021 -2.264051 -0.032433 0.000000 0.000000 0.000000 1.000000
27.800000 5.443095 -2.326308 0.007308 0.000000 0.000000 0.000000 1.000000
27.900000 5.519133 -2.349072 0.048683 0.000000 0.000000 0.000000 1.000000
28.000000 5.718897 -2.200388 -0.021721 0.000000 0.000000 0.000000 1.000000
28.100000 5.824747 -2.121097 -0.006300 0.000000 0.000000 0.000000 1.000000
28.200000 5.983014 -2.029216 0.039159 0.000000 0.000000 0.000000 1.000000
28.300000 6.180664 -2.008565 -0.059572 0.000000 0.000000 0.000000 1.000000
28.400000 5.977362 -1.958235 -0.092478 0.000000 0.000000 0.000000 1.000000
28.500000 6.477802 -1.733724 -0.043319 0.000000 0.000000 0.000000 1.000000
28.600000 6.291307 -1.842275 0.061956 0.000000 0.000000 0.000000 1.000000
28.700000 6.553418 -1.696343 0.076559 0.000000 0.000000 0.000000 1.000000
28.800000 6.505316 -1.564646 -0.016137 0.000000 0.000000 0.000000 1.000000
28.900000 6.709664 -1.350205 -0.034343 0.000000 0.000000 0.000000 1.000000
29.000000 6.702502 -1.245964 -0.025134 0.000000 0.000000 0.000000 1.000000
29.100000 6.767760 -1.188034 -0.049471 0.000000 0.000000 0.000000 1.000000
29.200000 6.748129 -0.985419 -0.056747 0.000000 0.000000 0.000000 1.000000
29.300000 6.959929 -0.878188 0.070930 0.000000 0.000000 0.000000 1.000000
29.400000 7.013129 -0.756166 0.113901 0.000000 0.000000 0.000000 1.000000
29.500000 7.057348 -0.659232 0.019063 0.000000 0.000000 0.000000 1.000000
29.600000 7.191570 -0.406841 -0.034496 0.000000 0.000000 0.000000 1.000000
29.700000 6.899446 -0.279669 0.014250 0.000000 0.000000 0.000000 1.000000
29.800000 7.079434 -0.088133 -0.051960 0.000000 0.000000 0.000000 1.000000
29.900000 7.182500 0.015524 -0.095889 0.000000 0.000000 0.000000 1.000000
