# SLAM estimated trajectory — TUM format
# timestamp tx ty tz qx qy qz qw
1317388330.630156040 0.000000 0.000000 0.000000 0.000000 0.000000 0.000000 1.000000
1317388330.837309361 1.973937 0.175176 0.000000 -0.000275 0.006932 0.002627 0.999972
1317388331.044520855 3.906145 0.148093 -0.026770 -0.000275 0.006932 0.002627 0.999972
1317388331.251616001 5.634064 1.089628 -0.042814 0.001693 -0.001402 0.004501 0.999987
1317388331.458902836 7.616088 1.232560 -0.020396 0.002841 -0.027044 -0.000381 0.999630
1317388331.666266441 9.610807 1.200254 0.087435 0.003123 -0.036896 -0.000598 0.999314
1317388331.769911528 10.570263 1.473328 0.160081 0.003123 -0.036896 -0.000598 0.999314
1317388331.977524757 12.509664 1.898271 0.306136 0.002978 -0.045147 -0.001359 0.998975
1317388332.185634136 14.483066 1.831409 0.484495 0.003273 -0.051526 -0.001537 0.998665
1317388332.393490553 16.400738 2.256317 0.685652 0.003273 -0.051526 -0.001537 0.998665
1317388332.602788687 18.307941 2.058070 0.888076 0.005243 -0.059014 -0.002543 0.998240
1317388332.809502840 19.880724 2.744145 1.089424 0.007906 -0.070769 0.000962 0.997461
1317388333.017506838 21.778421 3.284127 1.368730 0.009249 -0.074902 -0.000022 0.997148
1317388333.225613832 23.694969 3.055270 1.654050 0.010564 -0.079112 -0.000776 0.996809
1317388333.433635473 25.656878 3.144400 1.969397 0.010564 -0.079112 -0.000776 0.996809
1317388333.641622305 27.612817 3.286777 2.292873 0.013636 -0.086929 -0.002308 0.996118
1317388333.849968433 29.565282 3.486062 2.649313 0.023283 -0.096158 -0.003543 0.995087
1317388334.057993650 31.510523 3.685237 3.038613 0.027644 -0.098030 -0.004740 0.994788
1317388334.268435717 33.455123 3.889018 3.437693 0.031068 -0.100074 -0.006430 0.994474
1317388334.473760605 35.402191 4.032739 3.843632 0.031068 -0.100074 -0.006430 0.994474
1317388334.681687355 37.345131 4.216009 4.256256 0.035907 -0.104531 -0.010646 0.993816
1317388334.889583588 38.966023 4.953353 -6.406205 -0.649549 -0.067859 0.088051 0.752149
1317388334.994203329 40.250695 4.269253 4.964444 0.036190 -0.112969 -0.013152 0.992852
1317388335.097850561 41.209349 4.340813 5.240230 0.036190 -0.112969 -0.013152 0.992852
1317388335.202767372 42.169879 4.400339 5.512597 0.036190 -0.112969 -0.013152 0.992852
1317388335.305163860 43.112701 4.523268 5.822997 0.033734 -0.117121 -0.014412 0.992440
1317388335.409043312 44.062422 4.586486 6.130090 0.033734 -0.117121 -0.014412 0.992440
1317388335.512877941 45.011019 4.654189 6.439540 0.033734 -0.117121 -0.014412 0.992440
1317388335.616772175 45.963581 4.652756 6.743971 0.033218 -0.121689 -0.015403 0.991893
1317388335.720645666 46.910390 4.723886 7.058069 0.033218 -0.121689 -0.015403 0.991893
1317388335.824552536 47.861989 4.787178 7.359124 0.033218 -0.121689 -0.015403 0.991893
1317388335.928398371 48.808090 4.844483 7.678152 0.032254 -0.126021 -0.015914 0.991375
1317388336.032285690 49.751581 4.884705 8.007490 0.032254 -0.126021 -0.015914 0.991375
1317388336.447750568 50.693660 4.791157 8.329427 0.025062 -0.142091 -0.016483 0.989399
1317388336.551686049 51.613209 4.825802 8.720880 0.025062 -0.142091 -0.016483 0.989399
1317388336.655504227 52.536497 4.879200 9.101337 0.024283 -0.145222 -0.016406 0.988965
1317388336.759534597 53.473763 5.018159 9.421286 0.024283 -0.145222 -0.016406 0.988965
1317388337.175131321 55.345414 5.011800 10.121411 0.023849 -0.148490 -0.016729 0.988485
1317388337.279039383 56.262495 5.110434 10.507754 0.023849 -0.148490 -0.016729 0.988485
1317388337.382906437 57.208213 5.165659 10.828249 0.023849 -0.148490 -0.016729 0.988485
1317388337.694561958 59.049308 5.284902 11.600239 0.023492 -0.151800 -0.014278 0.988029
1317388337.798259020 59.971033 5.494341 11.926842 0.021421 -0.154114 -0.013853 0.987724
1317388337.902149439 60.894171 5.619835 12.290510 0.021421 -0.154114 -0.013853 0.987724
1317388338.110287428 62.099443 4.713652 12.911742 0.021027 -0.162534 -0.012915 0.986394
1317388338.213428497 63.006373 4.833487 13.315819 0.021027 -0.162534 -0.012915 0.986394
1317388338.524882078 64.192969 4.884710 14.103664 0.015927 -0.183302 -0.016113 0.982796
1317388338.836512804 65.967475 5.157139 14.977270 0.023303 -0.195537 -0.017010 0.980272
1317388338.940379620 66.848622 5.120646 15.448842 0.023303 -0.195537 -0.017010 0.980272
1317388339.044262886 67.736540 5.182098 15.905024 0.023303 -0.195537 -0.017010 0.980272
1317388339.148121357 68.619560 5.156870 16.373737 0.021363 -0.198027 -0.017550 0.979807
1317388339.252145052 69.503717 5.201950 16.838781 0.021363 -0.198027 -0.017550 0.979807
1317388339.356308222 70.381867 5.336345 17.297975 0.021768 -0.200616 -0.017871 0.979265
1317388339.564434528 72.157025 5.442518 18.211923 0.021768 -0.200616 -0.017871 0.979265
1317388339.667508602 73.042798 5.501358 18.672415 0.021494 -0.204029 -0.017749 0.978568
1317388339.771280527 73.923482 5.543555 19.144352 0.021494 -0.204029 -0.017749 0.978568
1317388339.875183344 74.799602 5.600050 19.623185 0.021501 -0.207905 -0.017906 0.977749
1317388339.978942871 75.667029 5.781347 20.086684 0.021501 -0.207905 -0.017906 0.977749
1317388340.082718849 76.530049 5.867679 20.584544 0.021501 -0.207905 -0.017906 0.977749
1317388340.291260481 78.281353 6.001201 21.538247 0.022242 -0.216277 -0.017794 0.975917
1317388340.395406008 79.152565 6.087698 22.021590 0.022355 -0.220702 -0.017643 0.974925
1317388340.497533560 80.011796 6.147187 22.529893 0.022355 -0.220702 -0.017643 0.974925
1317388340.601334572 80.875964 6.217684 23.028278 0.022355 -0.220702 -0.017643 0.974925
1317388340.705034256 81.737580 6.300793 23.529078 0.022168 -0.225212 -0.017496 0.973901
1317388340.808765411 82.587739 6.411666 24.043912 0.022168 -0.225212 -0.017496 0.973901
1317388340.912581205 83.448042 6.460731 24.551426 0.022168 -0.225212 -0.017496 0.973901
1317388341.016261339 84.307483 6.500229 25.061238 0.021952 -0.229064 -0.018194 0.972994
1317388341.120029926 85.151637 6.662867 25.572233 0.021952 -0.229064 -0.018194 0.972994
1317388341.223800659 86.005871 6.755704 26.083816 0.021952 -0.229064 -0.018194 0.972994
1317388341.327512980 86.858127 6.890526 26.589294 0.022754 -0.232397 -0.018373 0.972181
1317388341.535169840 88.558811 7.113046 27.617694 0.023567 -0.235694 -0.018305 0.971369
1317388341.638885736 89.411905 7.177277 28.135607 0.023567 -0.235694 -0.018305 0.971369
1317388341.742637157 90.279964 7.187860 28.631962 0.023567 -0.235694 -0.018305 0.971369
1317388341.846436262 91.128560 7.276382 29.153649 0.023300 -0.238959 -0.018303 0.970578
1317388341.950179100 91.964195 7.470159 29.667624 0.023300 -0.238959 -0.018303 0.970578
1317388342.054048777 92.821926 7.533477 30.177840 0.023300 -0.238959 -0.018303 0.970578
1317388342.261533499 94.502049 7.842487 31.205578 0.023024 -0.244329 -0.017674 0.969258
1317388342.469362736 96.158738 8.081813 32.299567 0.023958 -0.252605 -0.013469 0.967179
1317388342.572673082 96.979455 8.131721 32.868809 0.023958 -0.252605 -0.013469 0.967179
1317388342.676258802 97.794798 8.238875 33.437919 0.023644 -0.257206 -0.011471 0.965999
1317388342.779999733 98.631256 8.221258 33.985709 0.023644 -0.257206 -0.011471 0.965999
1317388342.883762360 99.452845 8.299286 34.550654 0.023644 -0.257206 -0.011471 0.965999
1317388342.987387896 100.270146 8.465445 35.102622 0.022923 -0.262483 -0.012013 0.964589
1317388343.091137171 101.074929 8.628824 35.673370 0.022923 -0.262483 -0.012013 0.964589
1317388343.298511028 102.723747 8.804982 36.789820 0.024385 -0.273865 -0.011655 0.961388
1317388343.402135372 103.536455 8.886505 37.366983 0.024385 -0.273865 -0.011655 0.961388
1317388343.505889416 104.326358 8.932143 37.978672 0.023743 -0.279688 -0.011303 0.959731
1317388343.609512806 105.117622 9.020520 38.583852 0.023743 -0.279688 -0.011303 0.959731
1317388343.713264227 105.891376 9.055411 39.216437 0.023743 -0.279688 -0.011303 0.959731
1317388343.817134142 106.685021 9.121068 39.821369 0.024257 -0.285277 -0.011831 0.958065
1317388343.920620203 107.480301 9.184643 40.424318 0.024257 -0.285277 -0.011831 0.958065
1317388344.024410009 108.275258 9.300876 41.019874 0.024257 -0.285277 -0.011831 0.958065
1317388344.128126383 109.051999 9.392509 41.643184 0.023926 -0.290247 -0.012688 0.956569
1317388344.231913328 109.838375 9.469953 42.256221 0.023926 -0.290247 -0.012688 0.956569
1317388344.335628033 110.615565 9.515345 42.883944 0.023355 -0.294444 -0.013066 0.955294
1317388344.439303398 111.384627 9.581268 43.519708 0.023355 -0.294444 -0.013066 0.955294
1317388344.646670818 112.959327 9.575725 44.751298 0.024090 -0.297987 -0.012089 0.954189
1317388344.854030371 114.452745 9.589752 46.072744 0.024090 -0.297987 -0.012089 0.954189
1317388344.957662582 115.196987 9.531794 46.738273 0.022955 -0.300412 -0.011676 0.953462
1317388345.064785957 115.930666 9.458908 47.413965 0.022955 -0.300412 -0.011676 0.953462
1317388345.165030956 116.705105 9.520910 48.043643 0.022955 -0.300412 -0.011676 0.953462
1317388345.268793344 117.476331 9.614476 48.673321 0.022955 -0.300412 -0.011676 0.953462
1317388345.372520685 118.245415 9.649264 49.311599 0.022955 -0.300412 -0.011676 0.953462
1317388345.476402760 119.003177 9.673963 49.963776 0.021925 -0.301733 -0.011253 0.953074
1317388345.580144167 119.771258 9.717800 50.602643 0.021925 -0.301733 -0.011253 0.953074
1317388345.683891773 120.560994 9.683675 51.215143 0.021925 -0.301733 -0.011253 0.953074
1317388345.787636995 121.302810 9.751654 51.882414 0.020809 -0.302979 -0.010353 0.952714
1317388345.995249987 122.818377 9.891858 53.159732 0.020105 -0.303988 -0.009512 0.952416
1317388346.202907562 124.341783 9.662865 54.416357 0.020105 -0.303988 -0.009512 0.952416
1317388346.410504103 125.911499 9.714188 55.654242 0.021164 -0.304068 -0.009576 0.952367
1317388346.618304253 127.279820 9.082687 56.904966 0.022625 -0.300177 -0.010749 0.953555
1317388346.825904369 128.771547 9.388004 58.158871 0.022780 -0.296975 -0.011053 0.954550
1317388347.033662558 130.027009 10.331541 59.108955 0.022780 -0.296975 -0.011053 0.954550
1317388347.241393566 131.267102 10.987285 60.171712 0.022797 -0.287614 -0.011007 0.957412
1317388347.449146271 132.855928 10.840754 61.348264 0.026268 -0.271106 -0.011291 0.962125
1317388347.553131104 133.645940 10.775875 61.958006 0.026268 -0.271106 -0.011291 0.962125
1317388347.760647297 135.270129 10.818165 63.124123 0.025731 -0.257569 -0.012534 0.965836
1317388347.968781471 136.934023 10.880888 64.228346 0.025730 -0.244321 -0.011978 0.969279
1317388348.175761700 138.570335 10.626822 65.319603 0.025947 -0.238045 -0.010884 0.970847
1317388348.383452177 140.268516 10.518601 66.368462 0.025947 -0.238045 -0.010884 0.970847
1317388348.590542078 141.949580 10.550900 67.448188 0.023451 -0.225857 -0.010931 0.973817
1317388348.798039436 143.671963 10.722810 68.445663 0.024250 -0.213720 -0.011661 0.976524
1317388349.005505800 145.410535 10.765868 69.432258 0.023808 -0.207986 -0.011596 0.977773
1317388349.109300137 146.284913 10.791652 69.916827 0.023808 -0.207986 -0.011596 0.977773
1317388349.316659212 148.056535 10.873322 70.841037 0.023661 -0.202817 -0.011448 0.978864
1317388349.524184227 149.793920 11.016570 71.819102 0.023661 -0.202817 -0.011448 0.978864
1317388349.627911806 150.674335 11.059294 72.291389 0.022641 -0.197921 -0.011745 0.979886
1317388349.835542917 152.452227 11.210758 73.193217 0.022320 -0.192893 -0.011898 0.980894
1317388350.043014050 154.222688 11.304646 74.118476 0.022320 -0.192893 -0.011898 0.980894
1317388350.146899939 155.112394 11.342974 74.573409 0.020749 -0.186495 -0.012749 0.982154
1317388350.354653120 156.893978 11.478313 75.471491 0.020749 -0.186495 -0.012749 0.982154
1317388350.562351942 158.690414 11.518007 76.340867 0.021919 -0.171777 -0.012643 0.984811
1317388350.769950390 160.520092 11.560053 77.146953 0.021503 -0.156284 -0.012007 0.987405
1317388350.977697134 161.572813 12.587195 77.598936 0.019107 -0.140511 -0.011267 0.989831
1317388351.185155630 163.448156 12.701010 78.283429 0.018272 -0.133768 -0.010561 0.990788
1317388351.394990444 165.333356 12.804017 78.942314 0.018147 -0.127015 -0.010294 0.991681
1317388351.600396156 167.216267 12.838750 79.615002 0.018147 -0.127015 -0.010294 0.991681
1317388351.704017162 168.154539 12.827365 79.960715 0.018147 -0.127015 -0.010294 0.991681
1317388352.015157700 170.031133 12.993821 80.631463 0.018951 -0.106690 -0.007991 0.994080
1317388352.118891716 170.980670 13.033451 80.942843 0.018951 -0.106690 -0.007991 0.994080
1317388352.223245621 171.939803 13.085947 81.221029 0.018951 -0.106690 -0.007991 0.994080
1317388352.326390505 172.891505 13.159230 81.519269 0.017277 -0.103193 -0.008917 0.994471
1317388352.533820391 174.756929 13.491631 82.127830 0.017277 -0.103193 -0.008917 0.994471
1317388352.741395473 176.618735 13.710464 82.807205 0.014954 -0.095804 -0.009613 0.995241
1317388352.948987722 178.538117 13.990324 83.291286 0.012951 -0.083542 -0.008122 0.996387
1317388353.156531334 180.481616 14.120531 83.742362 0.013231 -0.078750 -0.007105 0.996781
1317388353.364294767 182.434653 14.215764 84.156607 0.013231 -0.078750 -0.007105 0.996781
1317388353.572162628 184.383777 14.340609 84.585725 0.013545 -0.063835 -0.008691 0.997831
1317388353.780023575 186.346153 14.426051 84.958593 0.011409 -0.044486 -0.010928 0.998885
1317388353.988018751 188.314046 14.565291 85.286113 0.009722 -0.023010 -0.011271 0.999624
1317388354.091916800 189.302895 14.575566 85.434842 0.009722 -0.023010 -0.011271 0.999624
1317388354.299831390 191.286451 14.646101 85.668357 0.005919 -0.001057 -0.012065 0.999909
1317388354.507642746 192.372778 15.668646 85.663311 0.005173 0.020840 -0.012903 0.999686
1317388354.715392351 194.368406 15.789278 85.690948 0.005043 0.030970 -0.012463 0.999430
1317388354.923014402 196.364798 15.901297 85.703364 0.005043 0.030970 -0.012463 0.999430
1317388355.130643845 198.361072 15.998772 85.695713 0.003966 0.050722 -0.013026 0.998620
1317388355.338269234 200.352404 16.151143 85.647598 0.003931 0.070588 -0.014109 0.997398
1317388355.545766830 202.347415 16.175843 85.550920 0.004975 0.079979 -0.014622 0.996677
1317388355.753266096 204.309164 15.997395 85.541844 0.004975 0.079979 -0.014622 0.996677
1317388355.960647345 206.291540 16.184954 85.445898 0.008782 0.098324 -0.014940 0.995004
1317388356.168037891 208.277355 16.334328 85.266597 0.013221 0.115743 -0.016136 0.993060
1317388356.375387430 209.652550 17.272327 85.267631 0.013858 0.124440 -0.016342 0.991996
1317388356.582893848 210.995439 18.291004 85.202770 0.013858 0.124440 -0.016342 0.991996
1317388356.997895241 211.026408 18.202632 85.168279 0.021538 0.176684 -0.016976 0.983885
1317388357.413036585 212.893857 18.762925 84.730279 0.027580 0.211679 -0.015996 0.976819
1317388357.620764256 214.729935 18.905317 83.952107 0.031569 0.232136 -0.016630 0.972029
1317388357.828542471 216.567388 19.059006 83.179611 0.033365 0.270493 -0.019158 0.961953
1317388358.036336899 218.347242 19.190980 82.278615 0.034547 0.283515 -0.019132 0.958154
1317388358.243903875 220.104308 19.335147 81.338885 0.034547 0.283515 -0.019132 0.958154
1317388358.451425076 221.838578 19.314803 80.346153 0.039260 0.308511 -0.017328 0.950252
1317388358.659035683 223.544582 19.472840 79.315467 0.043702 0.342933 -0.014698 0.938228
1317388358.866450548 225.195162 19.519592 78.187899 0.044990 0.352881 -0.013423 0.934489
1317388359.073902607 226.795705 19.667179 76.998380 0.044990 0.352881 -0.013423 0.934489
1317388359.281383276 228.376478 19.886342 75.797048 0.048570 0.371225 -0.011627 0.927199
1317388359.488711357 229.946878 19.993465 74.563995 0.048217 0.399492 -0.009949 0.915414
1317388359.696035862 231.437539 20.147873 73.240262 0.046911 0.409401 -0.010151 0.911091
1317388360.110810757 232.878543 20.386153 71.877737 0.047138 0.428732 -0.010369 0.902141
1317388360.421898603 234.235475 20.589538 70.423988 0.041916 0.470673 -0.006659 0.881286
1317388360.629278898 235.457803 20.817527 68.860483 0.041059 0.500470 -0.003455 0.864773
1317388360.836864233 236.599994 21.039349 67.234186 0.041973 0.509798 -0.002029 0.859267
1317388361.044298649 237.735394 21.330528 65.614486 0.041973 0.509798 -0.002029 0.859267
1317388361.251839638 238.841972 21.594736 63.970288 0.043131 0.527471 -0.001402 0.848476
1317388361.459297419 239.862795 21.841818 62.268852 0.050361 0.552099 -0.007477 0.832223
1317388361.666777849 240.796026 22.054866 60.513303 0.049383 0.560340 -0.008305 0.826748
1317388361.874272108 241.683498 22.310881 58.739693 0.049383 0.560340 -0.008305 0.826748
1317388362.081804991 242.541995 22.596488 56.957690 0.048899 0.575556 -0.007292 0.816266
1317388362.289291143 243.378622 22.827481 55.158091 0.050091 0.597755 -0.008503 0.800068
1317388362.496796131 244.244048 23.226474 53.413016 0.049041 0.604054 -0.006763 0.795404
1317388362.704214334 244.897334 23.512925 51.546913 0.049041 0.604054 -0.006763 0.795404
1317388362.911576033 245.628491 23.772582 49.704386 0.048437 0.613069 -0.004302 0.788532
1317388363.118941545 246.311586 23.876974 47.831959 0.050232 0.621527 -0.006968 0.781749
1317388363.326335430 246.887212 24.050284 45.926836 0.052432 0.623412 -0.008855 0.780084
1317388363.429951668 247.173859 24.184774 44.978126 0.052432 0.623412 -0.008855 0.780084
1317388363.533652782 247.478277 24.325766 44.035888 0.052432 0.623412 -0.008855 0.780084
1317388363.637305975 247.784771 24.480465 43.096622 0.050231 0.624163 -0.006464 0.779651
1317388363.844845533 248.401491 24.740566 41.212039 0.050989 0.624057 -0.007115 0.779681
1317388364.052174568 249.020725 25.025151 39.331976 0.050989 0.624057 -0.007115 0.779681
1317388364.259524584 249.627732 25.302249 37.446597 0.050517 0.622213 -0.009392 0.781160
1317388364.363259077 249.937065 25.441914 36.505947 0.050517 0.622213 -0.009392 0.781160
1317388364.467314005 250.244823 25.579412 35.564417 0.050699 0.620137 -0.010320 0.782785
1317388364.571248531 250.550857 25.706847 34.620907 0.050699 0.620137 -0.010320 0.782785
1317388364.674281597 250.857110 25.835252 33.677611 0.050699 0.620137 -0.010320 0.782785
1317388364.778031588 251.185064 25.988670 32.745423 0.051428 0.617281 -0.010002 0.784996
1317388364.881782055 251.498429 26.124478 31.805527 0.051428 0.617281 -0.010002 0.784996
1317388364.985539675 251.818936 26.273559 30.870017 0.051034 0.614665 -0.010143 0.787070
1317388365.089416742 252.150326 26.380189 29.932475 0.051034 0.614665 -0.010143 0.787070
1317388365.193211555 252.486187 26.507099 28.999068 0.051034 0.614665 -0.010143 0.787070
1317388365.296802282 252.806067 26.609151 28.057122 0.050680 0.612054 -0.010101 0.789126
1317388365.504304886 253.367907 26.739874 26.147381 0.050680 0.612054 -0.010101 0.789126
1317388365.608160496 253.706921 26.907273 25.221593 0.050899 0.609497 -0.011054 0.791075
1317388365.711910009 254.062617 27.076051 24.302341 0.050899 0.609497 -0.011054 0.791075
1317388365.919483185 254.715839 27.251660 22.420783 0.049864 0.601775 -0.012445 0.797010
1317388366.127064228 255.489570 26.628376 21.068803 0.049410 0.599255 -0.012293 0.798938
1317388366.334532738 256.146212 27.060353 19.244963 0.049954 0.596485 -0.012189 0.800976
1317388366.542034864 256.749747 27.240397 17.348900 0.049954 0.596485 -0.012189 0.800976
1317388366.749642849 257.454555 27.532602 15.509156 0.051755 0.589063 -0.013990 0.806307
1317388366.853222132 257.819639 27.740558 14.601661 0.051755 0.589063 -0.013990 0.806307
1317388366.957093477 258.222519 27.927472 13.705665 0.050780 0.587229 -0.014564 0.807695
1317388367.164545536 259.035155 28.350136 11.927888 0.051403 0.586128 -0.015263 0.808442
1317388367.268403292 259.428822 28.465263 11.015840 0.051403 0.586128 -0.015263 0.808442
1317388367.372235537 259.819575 28.591773 10.104068 0.051403 0.586128 -0.015263 0.808442
1317388367.579753876 260.597775 28.846804 8.279796 0.052443 0.583489 -0.014661 0.810293
1317388367.683432341 260.979433 28.971543 7.363903 0.052443 0.583489 -0.014661 0.810293
1317388367.787167072 261.382954 29.097023 6.457473 0.051859 0.582072 -0.013628 0.811367
1317388367.890908718 261.777012 29.230797 5.548138 0.051859 0.582072 -0.013628 0.811367
1317388368.098398447 262.583398 29.458239 3.732385 0.053716 0.575886 -0.013612 0.815650
1317388368.202148199 263.004487 29.609528 2.838012 0.053716 0.575886 -0.013612 0.815650
1317388368.306152582 263.426651 29.741568 1.941092 0.053604 0.573226 -0.013617 0.817528
1317388368.410715103 263.842492 29.831976 1.036094 0.053604 0.573226 -0.013617 0.817528
1317388368.513580322 264.284133 30.004665 0.155592 0.053604 0.573226 -0.013617 0.817528
1317388368.617367268 264.730914 30.065986 -0.736995 0.054610 0.569110 -0.013161 0.820340
1317388368.721030951 265.153242 30.138337 -1.640593 0.054610 0.569110 -0.013161 0.820340
1317388368.824683428 265.542103 30.227497 -2.557703 0.054141 0.564634 -0.013038 0.823461
1317388368.928412437 265.952048 30.353962 -3.461129 0.054141 0.564634 -0.013038 0.823461
1317388369.136128426 266.775690 31.381855 -4.181702 0.053901 0.560281 -0.014569 0.826418
1317388369.239702463 267.242183 31.556291 -5.048942 0.053901 0.560281 -0.014569 0.826418
1317388369.343469381 267.652540 31.651242 -5.956005 0.053901 0.560281 -0.014569 0.826418
1317388369.551077366 268.493760 32.609811 -7.223567 0.052151 0.552279 -0.016087 0.831871
1317388369.654815674 268.942367 32.758528 -8.104913 0.051535 0.548895 -0.016133 0.834145
1317388369.758528948 269.431908 32.852426 -8.971932 0.051535 0.548895 -0.016133 0.834145
1317388369.862329960 269.910790 32.919040 -9.847311 0.051535 0.548895 -0.016133 0.834145
1317388370.069967270 270.776603 33.099613 -11.640558 0.051502 0.542101 -0.017751 0.838546
1317388370.173704386 271.264348 33.236789 -12.502753 0.051502 0.542101 -0.017751 0.838546
1317388370.277559042 271.748490 33.353502 -13.370014 0.050932 0.538502 -0.017521 0.840901
1317388370.381303072 272.233144 33.492174 -14.233743 0.050932 0.538502 -0.017521 0.840901
1317388370.485068560 272.742033 33.601015 -15.087832 0.049912 0.534694 -0.017006 0.843399
1317388370.589725256 273.239985 33.710783 -15.948190 0.049912 0.534694 -0.017006 0.843399
1317388370.692556143 273.737924 33.865931 -16.801491 0.049912 0.534694 -0.017006 0.843399
1317388370.796438217 274.243064 33.968322 -17.658500 0.049616 0.530771 -0.017494 0.845881
1317388370.900166512 274.735148 34.031228 -18.526823 0.049616 0.530771 -0.017494 0.845881
1317388371.004219294 275.281773 34.307482 -19.317405 0.049616 0.530771 -0.017494 0.845881
1317388371.107754469 275.783542 34.442462 -20.171862 0.049051 0.526985 -0.017975 0.848268
1317388371.211441994 276.309240 34.599949 -21.007895 0.049051 0.526985 -0.017975 0.848268
1317388371.315198898 276.848361 34.722157 -21.841313 0.049098 0.523084 -0.018276 0.850669
1317388371.418941736 277.358790 34.831035 -22.694371 0.049098 0.523084 -0.018276 0.850669
1317388371.522686720 277.872419 34.905506 -23.549230 0.049098 0.523084 -0.018276 0.850669
1317388371.626537800 278.386701 35.010505 -24.400504 0.048078 0.519787 -0.018041 0.852751
1317388371.730347633 278.918123 35.142144 -25.237411 0.048078 0.519787 -0.018041 0.852751
1317388371.834035397 279.439893 35.270664 -26.080836 0.048078 0.519787 -0.018041 0.852751
1317388372.041830540 280.517560 35.654940 -27.703262 0.044587 0.516412 -0.017338 0.855003
1317388372.145573616 281.061280 35.772894 -28.534253 0.043653 0.515406 -0.016797 0.855669
1317388372.353203058 282.161195 35.965307 -30.193297 0.043653 0.515406 -0.016797 0.855669
1317388372.560830832 283.218003 36.165272 -31.877700 0.045649 0.513711 -0.017446 0.856570
1317388372.664576054 283.765163 36.281168 -32.706699 0.045320 0.512933 -0.016605 0.857071
1317388372.768279076 284.287929 36.381823 -33.553265 0.045320 0.512933 -0.016605 0.857071
1317388372.872158527 284.800555 36.456707 -34.408631 0.045320 0.512933 -0.016605 0.857071
1317388372.976096392 285.359377 36.543985 -35.233418 0.043919 0.512401 -0.015885 0.857475
1317388373.183454990 286.455723 36.772139 -36.890498 0.043919 0.512401 -0.015885 0.857475
1317388373.287308455 286.997803 36.910827 -37.719302 0.043782 0.512142 -0.016134 0.857633
1317388373.391047239 287.521983 37.078789 -38.554228 0.043782 0.512142 -0.016134 0.857633
1317388373.494825602 288.068987 37.152516 -39.388211 0.042953 0.511970 -0.015453 0.857790
1317388373.598533392 288.628380 37.250438 -40.211398 0.042953 0.511970 -0.015453 0.857790
1317388373.702496290 289.180954 37.356728 -41.038099 0.042953 0.511970 -0.015453 0.857790
1317388373.806152821 289.733130 37.474935 -41.863441 0.042364 0.511540 -0.015177 0.858080
1317388373.909916639 290.299163 37.562442 -42.683265 0.042364 0.511540 -0.015177 0.858080
1317388374.117575645 291.311760 37.788269 -44.390057 0.040912 0.510092 -0.013880 0.859034
1317388374.221191168 291.872054 37.853607 -45.215822 0.040912 0.510092 -0.013880 0.859034
1317388374.324862480 292.416266 37.943122 -46.050044 0.040432 0.508920 -0.013635 0.859756
1317388374.428571939 292.955921 38.069742 -46.882449 0.040432 0.508920 -0.013635 0.859756
1317388374.532291651 293.517841 38.174157 -47.703147 0.040432 0.508920 -0.013635 0.859756
1317388374.636015892 294.067406 38.298374 -48.529397 0.040432 0.508920 -0.013635 0.859756
1317388374.739701271 294.624252 38.410095 -49.352528 0.040432 0.508920 -0.013635 0.859756
1317388374.843325853 295.181096 38.505455 -50.177671 0.040432 0.508920 -0.013635 0.859756
1317388374.948193073 295.749755 38.586760 -50.996254 0.040240 0.505902 -0.014038 0.861537
1317388375.050687075 296.306151 38.666034 -51.823475 0.040240 0.505902 -0.014038 0.861537
1317388375.154424429 296.882773 38.744772 -52.636810 0.038941 0.502515 -0.013581 0.863584
1317388375.258357525 297.427155 38.996177 -53.437251 0.038941 0.502515 -0.013581 0.863584
1317388375.362067699 297.972503 39.140755 -54.262912 0.038941 0.502515 -0.013581 0.863584
1317388375.466674805 298.535400 39.292827 -55.075425 0.039714 0.497889 -0.013377 0.866228
1317388375.569463730 299.115529 39.396672 -55.883397 0.039714 0.497889 -0.013377 0.866228
1317388375.674878597 299.680314 39.485226 -56.703965 0.039892 0.492973 -0.013083 0.869031
1317388375.880737543 300.869880 39.334433 -58.304162 0.039892 0.492973 -0.013083 0.869031
1317388375.984448195 301.435157 39.418216 -59.124847 0.039270 0.487931 -0.012986 0.871902
1317388376.191919088 302.386276 38.660855 -60.146520 0.039270 0.487931 -0.012986 0.871902
1317388376.399420738 303.655968 38.311494 -61.649994 0.035688 0.477929 -0.010228 0.877613
1317388376.607087374 304.926859 37.662925 -63.033988 0.036552 0.466692 -0.006873 0.883637
1317388376.710662842 305.567602 37.679642 -63.801633 0.036552 0.466692 -0.006873 0.883637
1317388376.814194441 306.199079 37.845121 -64.559421 0.035782 0.460647 -0.006041 0.886841
1317388376.917860985 306.860624 38.128054 -65.254186 0.035782 0.460647 -0.006041 0.886841
1317388377.021615744 307.499087 38.253898 -66.013622 0.035782 0.460647 -0.006041 0.886841
1317388377.125322819 308.130055 38.376604 -66.779851 0.035432 0.454549 -0.005169 0.890002
1317388377.229046106 308.774012 38.523548 -67.530824 0.035432 0.454549 -0.005169 0.890002
1317388377.332796574 309.418588 38.651593 -68.284681 0.035432 0.454549 -0.005169 0.890002
1317388377.436545849 310.084417 38.824033 -69.010740 0.035180 0.449337 -0.005865 0.892650
1317388377.540297031 310.745007 38.939938 -69.752602 0.035180 0.449337 -0.005865 0.892650
1317388377.644059181 311.384027 39.032121 -70.516251 0.035180 0.449337 -0.005865 0.892650
1317388377.748055696 312.034392 39.136049 -71.268747 0.035055 0.445208 -0.007158 0.894712
1317388377.851911306 312.689167 39.232310 -72.018516 0.035055 0.445208 -0.007158 0.894712
1317388377.955618620 313.363960 39.381893 -72.741428 0.033205 0.441269 -0.007944 0.896725
1317388378.059322357 314.058899 39.523173 -73.446630 0.033205 0.441269 -0.007944 0.896725
1317388378.163222551 314.720732 39.629338 -74.188779 0.033205 0.441269 -0.007944 0.896725
1317388378.266978979 315.400789 39.768328 -74.908795 0.031588 0.438188 -0.009434 0.898279
1317388378.370866776 316.058240 39.871678 -75.655198 0.031588 0.438188 -0.009434 0.898279
1317388378.578547478 317.423124 40.085483 -77.100901 0.033623 0.432733 -0.014680 0.900775
1317388378.786334276 318.740817 40.263402 -78.593897 0.034213 0.432109 -0.016081 0.901029
1317388378.890731096 319.466942 40.358874 -79.274937 0.034213 0.432109 -0.016081 0.901029
1317388378.993968010 320.154240 40.409726 -79.999567 0.034213 0.432109 -0.016081 0.901029
1317388379.097823143 320.864857 40.513566 -80.695442 0.034141 0.431714 -0.015639 0.901228
1317388379.201601982 321.547382 40.599146 -81.421298 0.034141 0.431714 -0.015639 0.901228
1317388379.409050226 322.971021 40.760480 -82.815902 0.036305 0.429855 -0.015055 0.902042
1317388379.512838364 323.683741 40.925853 -83.497629 0.036305 0.429855 -0.015055 0.902042
1317388379.616550922 324.358027 41.022058 -84.229844 0.036358 0.428334 -0.014236 0.902777
1317388379.720162630 325.056622 41.136357 -84.936231 0.036358 0.428334 -0.014236 0.902777
1317388379.823947430 325.769923 41.232731 -85.630571 0.036358 0.428334 -0.014236 0.902777
1317388379.927572012 326.462413 41.318524 -86.346969 0.036750 0.424132 -0.013519 0.904754
1317388380.031299591 327.165772 41.400096 -87.053211 0.036750 0.424132 -0.013519 0.904754
1317388380.135040522 327.867416 41.505643 -87.757952 0.036666 0.418710 -0.013658 0.907277
1317388380.238669634 328.578728 41.609769 -88.453180 0.036666 0.418710 -0.013658 0.907277
1317388380.342413187 329.283973 41.712910 -89.154761 0.036666 0.418710 -0.013658 0.907277
1317388380.446045160 329.996244 41.783125 -89.853253 0.035692 0.413015 -0.013582 0.909923
1317388380.549666166 330.700206 41.885287 -90.556191 0.035692 0.413015 -0.013582 0.909923
1317388380.653413534 331.420715 41.964584 -91.245179 0.035692 0.413015 -0.013582 0.909923
1317388380.757165194 332.136749 42.073267 -91.934870 0.035540 0.406991 -0.013702 0.912638
1317388380.964688063 333.422427 42.736211 -93.192589 0.035235 0.401100 -0.015222 0.915230
1317388381.068410873 334.144740 42.850330 -93.874717 0.035235 0.401100 -0.015222 0.915230
1317388381.172299147 334.885478 42.895792 -94.545005 0.035235 0.401100 -0.015222 0.915230
1317388381.276167393 335.621174 43.002713 -95.213925 0.034471 0.397371 -0.017032 0.916852
1317388381.483789921 337.101258 43.129714 -96.552533 0.034471 0.397371 -0.017032 0.916852
1317388381.587666988 337.848349 43.264684 -97.203472 0.034894 0.395195 -0.016381 0.917788
1317388381.795310020 339.318312 43.489135 -98.539780 0.035714 0.392840 -0.015839 0.918777
1317388382.002793789 340.809882 43.672893 -99.856375 0.035714 0.392840 -0.015839 0.918777
1317388382.106542587 341.558965 43.795797 -100.507375 0.036142 0.390217 -0.016407 0.919867
1317388382.314043283 342.305352 43.949421 -101.155149 0.036142 0.390217 -0.016407 0.919867
1317388382.417692900 343.055356 44.015526 -101.813378 0.034487 0.387223 -0.016563 0.921192
1317388382.625166655 344.583037 44.215492 -103.088180 0.035481 0.384843 -0.016391 0.922154
1317388382.832543135 346.084436 44.419442 -104.392929 0.035481 0.384843 -0.016391 0.922154
1317388382.936417580 346.847169 44.509319 -105.033389 0.034867 0.384356 -0.016189 0.922384
1317388383.144170284 348.367734 44.702028 -106.318000 0.033660 0.387656 -0.017786 0.921018
1317388383.352044344 349.888418 44.841966 -107.609341 0.033660 0.387656 -0.017786 0.921018
1317388383.559670925 351.394538 44.975385 -108.918220 0.033523 0.397350 -0.017136 0.916895
1317388383.767039061 352.885537 45.114748 -110.243658 0.035028 0.402558 -0.015749 0.914588
1317388383.974416256 354.362791 45.267801 -111.582817 0.036204 0.401986 -0.015129 0.914805
1317388384.078184366 355.102424 45.371801 -112.247786 0.036204 0.401986 -0.015129 0.914805
1317388384.181792259 355.848249 45.483171 -112.904613 0.036204 0.401986 -0.015129 0.914805
1317388384.285418749 356.604776 45.620084 -113.544227 0.037302 0.397307 -0.013871 0.916822
1317388384.389044285 357.369679 45.784727 -114.167165 0.037302 0.397307 -0.013871 0.916822
1317388384.492667437 358.117833 45.934677 -114.813719 0.037302 0.397307 -0.013871 0.916822
1317388384.596294403 358.864594 46.048917 -115.469103 0.037929 0.389119 -0.012500 0.920321
1317388384.699917316 359.624010 46.160822 -116.110181 0.037929 0.389119 -0.012500 0.920321
1317388384.803544760 360.384793 46.260633 -116.751644 0.037929 0.389119 -0.012500 0.920321
1317388384.907170534 361.141811 46.433897 -117.382002 0.038611 0.378417 -0.012871 0.924740
1317388385.010796070 361.913185 46.591892 -117.998724 0.038611 0.378417 -0.012871 0.924740
1317388385.114418268 362.694224 46.700174 -118.613945 0.039768 0.366320 -0.013497 0.929541
1317388385.218041420 363.491423 46.787587 -119.211470 0.039768 0.366320 -0.013497 0.929541
1317388385.321794271 364.300342 46.915632 -119.785636 0.039768 0.366320 -0.013497 0.929541
1317388385.425419569 365.088385 47.032862 -120.390376 0.039926 0.352569 -0.013985 0.934829
1317388385.529166698 365.912398 47.137437 -120.947568 0.039926 0.352569 -0.013985 0.934829
1317388385.632918119 366.718548 47.254546 -121.527876 0.039926 0.352569 -0.013985 0.934829
1317388385.736667871 367.527705 47.405670 -122.096089 0.040509 0.338994 -0.014848 0.939799
1317388385.840542793 368.343949 47.528954 -122.660685 0.040509 0.338994 -0.014848 0.939799
1317388385.944422245 369.160548 47.653478 -123.224536 0.040716 0.328128 -0.016833 0.943605
1317388386.048423290 369.998988 47.764263 -123.758513 0.040716 0.328128 -0.016833 0.943605
1317388386.152421236 370.837136 47.875592 -124.292851 0.040716 0.328128 -0.016833 0.943605
1317388386.256453514 371.666553 47.967825 -124.843843 0.038554 0.324089 -0.018749 0.945055
1317388386.464669228 373.340363 48.112175 -125.927958 0.040645 0.323172 -0.020853 0.945237
1317388386.672799110 375.011453 48.281156 -127.013597 0.040645 0.323172 -0.020853 0.945237
1317388386.776939154 375.855220 48.338272 -127.547282 0.040616 0.324562 -0.020699 0.944765
1317388386.984924078 377.527452 48.444971 -128.637703 0.042466 0.325704 -0.020310 0.944299
1317388387.192795992 379.198710 48.624975 -129.720987 0.042466 0.325704 -0.020310 0.944299
1317388387.296794653 380.035778 48.696970 -130.263379 0.043051 0.326446 -0.019991 0.944023
1317388387.400672197 380.874076 48.763564 -130.804609 0.043051 0.326446 -0.019991 0.944023
1317388387.504553080 381.710417 48.845645 -131.346703 0.042178 0.326887 -0.020512 0.943899
1317388387.712181330 383.367857 48.982530 -132.455411 0.042178 0.326887 -0.020512 0.943899
1317388387.815918684 384.199902 49.073678 -133.002577 0.042199 0.326721 -0.021326 0.943937
1317388388.023421526 385.879647 49.144338 -134.079374 0.042199 0.326721 -0.021326 0.943937
1317388388.230816126 387.557670 49.357682 -135.146125 0.045141 0.324646 -0.020803 0.944529
1317388388.334425449 388.395820 49.390740 -135.690654 0.045501 0.321982 -0.018853 0.945464
1317388388.438044786 389.236660 49.472303 -136.225863 0.045501 0.321982 -0.018853 0.945464
1317388388.541817904 390.064615 49.645068 -136.759404 0.045501 0.321982 -0.018853 0.945464
1317388388.749173641 391.758104 49.797485 -137.811160 0.047735 0.312866 -0.017120 0.948443
1317388388.852932692 392.583596 49.982843 -138.344288 0.047735 0.312866 -0.017120 0.948443
1317388388.956675053 393.425403 50.084809 -138.874462 0.047635 0.308524 -0.016913 0.949872
1317388389.060424328 394.291748 50.133499 -139.371677 0.047635 0.308524 -0.016913 0.949872
1317388389.164297104 395.148480 50.204726 -139.882500 0.047922 0.304355 -0.017159 0.951198
1317388389.268048286 396.012312 50.295613 -140.378067 0.047922 0.304355 -0.017159 0.951198
1317388389.371799946 396.869329 50.396369 -140.883414 0.047922 0.304355 -0.017159 0.951198
1317388389.475549936 397.723424 50.459958 -141.399645 0.048262 0.300616 -0.017597 0.952361
1317388389.579299688 398.585079 50.558175 -141.897605 0.048262 0.300616 -0.017597 0.952361
1317388389.683046341 399.454130 50.667574 -142.380129 0.048262 0.300616 -0.017597 0.952361
1317388389.786927700 400.323203 50.721103 -142.871942 0.049327 0.297698 -0.016985 0.953233
1317388389.994426250 402.051273 50.873868 -143.866183 0.051698 0.294863 -0.016495 0.953997
1317388390.098174810 402.920724 50.961895 -144.352318 0.051698 0.294863 -0.016495 0.953997
1317388390.201933622 403.784495 51.054063 -144.847881 0.051698 0.294863 -0.016495 0.953997
1317388390.305799961 404.653953 51.142463 -145.333973 0.051698 0.294863 -0.016495 0.953997
1317388390.409551144 405.522939 51.213322 -145.823780 0.051698 0.294863 -0.016495 0.953997
1317388390.513420820 406.398748 51.244400 -146.305542 0.051698 0.294863 -0.016495 0.953997
1317388390.617176056 407.261230 51.259904 -146.811512 0.051022 0.293526 -0.016778 0.954441
1317388390.824798584 408.994013 51.554906 -147.760891 0.049263 0.292853 -0.015417 0.954763
1317388391.032460690 410.359700 52.435292 -148.318291 0.049263 0.292853 -0.015417 0.954763
1317388391.240207672 412.102010 52.489914 -149.295720 0.050894 0.291544 -0.011186 0.955137
1317388391.343936920 412.974383 52.538991 -149.782147 0.051448 0.290963 -0.010082 0.955297
1317388391.447703838 413.845631 52.631604 -150.264237 0.051448 0.290963 -0.010082 0.955297
1317388391.551672935 414.720813 52.735892 -150.736773 0.051448 0.290963 -0.010082 0.955297
1317388391.655391455 415.590459 52.861789 -151.214171 0.050353 0.290401 -0.010361 0.955523
1317388391.759116411 416.466034 52.951416 -151.688977 0.050353 0.290401 -0.010361 0.955523
1317388391.862897396 417.334688 53.067017 -152.170751 0.050353 0.290401 -0.010361 0.955523
1317388391.966552258 418.212758 53.140596 -152.643674 0.049260 0.290394 -0.010980 0.955575
1317388392.070330381 419.084841 53.230763 -153.124696 0.049260 0.290394 -0.010980 0.955575
1317388392.174197674 419.958770 53.320861 -153.602402 0.048428 0.291096 -0.011085 0.955403
1317388392.278037548 420.828937 53.417135 -154.085741 0.048428 0.291096 -0.011085 0.955403
1317388392.381694078 421.700475 53.503676 -154.568449 0.048428 0.291096 -0.011085 0.955403
1317388392.485448360 422.570019 53.592269 -155.054373 0.047206 0.291844 -0.011304 0.955233
1317388392.589204550 423.440672 53.682685 -155.537939 0.047206 0.291844 -0.011304 0.955233
1317388392.693016291 424.308527 53.712838 -156.033841 0.047206 0.291844 -0.011304 0.955233
1317388392.900445223 426.052700 53.858308 -157.001160 0.047490 0.293240 -0.011313 0.954792
1317388393.004213572 426.931270 53.903991 -157.476771 0.046717 0.293694 -0.010208 0.954703
1317388393.107951641 427.788404 53.958304 -157.989075 0.046717 0.293694 -0.010208 0.954703
1317388393.211726189 428.652078 54.031349 -158.487811 0.046717 0.293694 -0.010208 0.954703
1317388393.419179440 430.406213 54.082475 -159.442689 0.046070 0.294663 -0.007924 0.954457
1317388393.523016453 431.295597 54.128192 -159.897660 0.046070 0.294663 -0.007924 0.954457
1317388393.626791239 432.168595 54.122765 -160.385473 0.046032 0.294766 -0.006341 0.954439
1317388393.834109068 433.887922 54.324700 -161.385845 0.046586 0.294770 -0.005709 0.954415
1317388394.041674614 435.619674 54.529959 -162.363373 0.046586 0.294770 -0.005709 0.954415
1317388394.248936176 437.357071 54.739309 -163.330277 0.045226 0.294387 -0.005025 0.954602
1317388394.456313610 439.089596 54.975336 -164.300376 0.045838 0.294138 -0.004702 0.954652
1317388394.663690090 440.819807 55.285317 -165.249766 0.045838 0.294138 -0.004702 0.954652
1317388394.767428875 441.699286 55.355218 -165.720623 0.045655 0.293807 -0.004287 0.954764
1317388394.871176004 442.578516 55.413036 -166.193519 0.045655 0.293807 -0.004287 0.954764
1317388394.975010872 443.450534 55.520717 -166.671003 0.045392 0.293749 -0.004814 0.954792
1317388395.078776836 444.323314 55.590292 -167.154199 0.045392 0.293749 -0.004814 0.954792
1317388395.286350250 446.055842 55.748385 -168.137358 0.043569 0.293881 -0.005147 0.954835
1317388395.493849277 447.766136 55.977594 -169.148414 0.042240 0.293683 -0.004656 0.954958
1317388395.597610474 448.635517 56.079775 -169.632061 0.042240 0.293683 -0.004656 0.954958
1317388395.701320887 449.506469 56.163705 -170.116387 0.042240 0.293683 -0.004656 0.954958
1317388395.805314779 450.376172 56.264848 -170.599599 0.041249 0.292754 -0.003738 0.955290
1317388395.908828497 451.246892 56.377828 -171.078317 0.041249 0.292754 -0.003738 0.955290
1317388396.012519360 452.119594 56.480040 -171.555827 0.041249 0.292754 -0.003738 0.955290
1317388396.116194487 452.991708 56.585228 -172.033754 0.040983 0.291910 -0.003094 0.955562
1317388396.219961882 453.872011 56.648368 -172.503997 0.040983 0.291910 -0.003094 0.955562
1317388396.427443027 455.606303 56.884154 -173.471504 0.040853 0.291556 -0.002262 0.955678
1317388396.634934425 457.351929 57.123733 -174.410939 0.041261 0.291906 -0.000712 0.955556
1317388396.738556147 458.225578 57.230689 -174.885658 0.041261 0.291906 -0.000712 0.955556
1317388396.946101904 459.976272 57.419577 -175.832985 0.041479 0.292118 -0.000588 0.955482
1317388397.153452873 461.707937 57.648849 -176.805842 0.041479 0.292118 -0.000588 0.955482
1317388397.360989332 463.438988 57.792939 -177.796228 0.042753 0.293011 -0.001186 0.955152
1317388397.568433285 465.178664 57.990871 -178.761747 0.044221 0.294267 -0.000438 0.954699
1317388397.775980711 466.888949 58.204032 -179.773138 0.044477 0.295483 -0.000446 0.954312
1317388397.983654976 468.618666 58.513335 -180.721290 0.044477 0.295483 -0.000446 0.954312
1317388398.191316843 470.354948 58.718089 -181.692418 0.043953 0.303214 -0.001277 0.951907
1317388398.295610189 471.224087 58.839097 -182.172035 0.041250 0.309041 -0.001379 0.950153
1317388398.607114553 472.088518 59.670777 -183.318981 0.038036 0.325996 -0.001103 0.944605
1317388398.711076260 472.928244 59.564002 -183.851719 0.038036 0.325996 -0.001103 0.944605
1317388398.815070629 473.833346 59.522057 -184.275144 0.036327 0.336807 -0.001206 0.940872
1317388399.023069859 474.691177 61.111745 -184.951832 0.036327 0.336807 -0.001206 0.940872
1317388399.230944395 476.124809 61.772631 -185.979814 0.037179 0.361253 -0.000751 0.931726
1317388399.438589573 477.413093 62.523076 -187.093084 0.036233 0.397086 0.001638 0.917064
1317388399.646216393 478.891308 62.740015 -188.421947 0.035615 0.408390 0.003266 0.912106
1317388399.853819370 480.334279 62.969723 -189.785366 0.035615 0.408390 0.003266 0.912106
1317388400.061432600 481.764926 63.190577 -191.164257 0.035074 0.430651 0.005298 0.901821
1317388400.268864393 483.134944 63.438140 -192.599528 0.035662 0.451627 0.006480 0.891470
1317388400.476514816 484.436728 63.621707 -194.106297 0.035994 0.469292 0.007931 0.882274
1317388400.683828831 485.695725 63.877605 -195.638464 0.035765 0.477219 0.007763 0.878022
1317388400.891369343 486.933536 64.118459 -197.190470 0.035765 0.477219 0.007763 0.878022
1317388401.098760366 488.176771 64.309054 -198.740305 0.035004 0.493085 0.008098 0.869239
1317388401.306073904 489.341748 64.712561 -200.313959 0.033334 0.508413 0.009300 0.860417
1317388401.513443947 490.422847 64.941216 -201.976301 0.033334 0.508413 0.009300 0.860417
1317388401.720805883 491.533422 65.130321 -203.627870 0.034081 0.523307 0.007903 0.851426
1317388401.928387880 492.566787 65.366711 -205.323438 0.031637 0.548617 0.004529 0.835463
1317388402.135851145 493.514479 65.606603 -207.067816 0.030169 0.558070 0.005129 0.829230
1317388402.343447447 494.410374 65.788521 -208.846311 0.030169 0.558070 0.005129 0.829230
1317388402.551070690 495.306419 65.996919 -210.621704 0.029465 0.579810 0.006287 0.814195
1317388402.758460045 496.084302 66.195857 -212.453120 0.028553 0.610984 0.009634 0.791069
1317388402.862081528 496.417509 66.227523 -213.395498 0.028553 0.610984 0.009634 0.791069
1317388403.069490910 497.049161 66.490348 -215.274167 0.028014 0.629307 0.010413 0.776582
1317388403.276843786 497.619389 66.703202 -217.179033 0.026678 0.644149 0.012446 0.764334
1317388403.484061956 498.169985 66.877354 -219.093292 0.026312 0.651202 0.011923 0.758354
1317388403.691597223 498.630994 67.006667 -221.034708 0.026312 0.651202 0.011923 0.758354
1317388403.795333385 498.880902 67.064467 -222.001378 0.023667 0.658409 0.013074 0.752175
1317388404.002811670 499.327744 67.274647 -223.938939 0.023667 0.658409 0.013074 0.752175
1317388404.210345030 499.675691 67.490156 -225.894448 0.022612 0.675042 0.012990 0.737318
1317388404.417948723 499.973892 67.743181 -227.854729 0.022531 0.700658 0.015159 0.712980
1317388404.625436783 500.185299 67.967341 -229.830543 0.022320 0.709331 0.016113 0.704338
1317388404.832940578 500.330608 68.210517 -231.809934 0.022320 0.709331 0.016113 0.704338
1317388405.040570259 500.380214 68.480953 -233.789769 0.020920 0.726815 0.014755 0.686356
1317388405.247873545 500.411188 68.763923 -235.769006 0.016867 0.752595 0.012410 0.658151
1317388405.455351114 500.319011 69.051606 -237.745147 0.016257 0.761176 0.012650 0.648218
1317388405.662707567 500.150387 69.272049 -239.724730 0.016257 0.761176 0.012650 0.648218
1317388405.766487122 500.088508 69.334616 -240.720856 0.015855 0.769411 0.013116 0.638422
1317388405.973861217 499.878850 69.629448 -242.687213 0.015792 0.777185 0.012710 0.628946
1317388406.077470541 499.765994 69.682583 -243.679403 0.015792 0.777185 0.012710 0.628946
1317388406.284855843 499.532595 69.910077 -245.651319 0.014076 0.784644 0.013528 0.619639
1317388406.492208719 499.223896 70.148724 -247.612388 0.014076 0.784644 0.013528 0.619639
1317388406.699561357 498.910522 70.374235 -249.574393 0.012060 0.799287 0.011090 0.600726
1317388406.906998396 498.528014 70.554565 -251.528534 0.011475 0.813613 0.009967 0.581208
1317388407.114505053 498.062522 70.797632 -253.458016 0.011475 0.820118 0.010468 0.571983
1317388407.321717262 497.553986 71.019160 -255.378959 0.011475 0.820118 0.010468 0.571983
1317388407.529200554 496.973721 71.218902 -257.282161 0.009976 0.831500 0.008861 0.555365
1317388407.736564159 496.349902 71.466554 -259.164975 0.009590 0.842774 0.004990 0.538158
1317388407.943838358 495.668466 71.627863 -261.037960 0.008100 0.848205 0.004516 0.529586
1317388408.151281595 494.953928 71.897658 -262.884679 0.008100 0.848205 0.004516 0.529586
1317388408.254893541 494.574764 71.929736 -263.809501 0.007583 0.852575 0.004706 0.522528
1317388408.462099552 493.827672 72.125332 -265.654167 0.007583 0.852575 0.004706 0.522528
1317388408.565753698 493.474990 72.209975 -266.586108 0.009761 0.854822 0.005258 0.518803
1317388408.773066998 492.690873 72.401991 -268.415930 0.009761 0.854822 0.005258 0.518803
1317388408.876703262 492.306588 72.514481 -269.332290 0.010898 0.855632 0.006787 0.517425
1317388408.980420828 491.927351 72.634680 -270.249784 0.010898 0.855632 0.006787 0.517425
1317388409.084249258 491.555675 72.755739 -271.170264 0.010510 0.855976 0.007502 0.516854
1317388409.187850475 491.160755 72.881850 -272.080337 0.010510 0.855976 0.007502 0.516854
1317388409.292030096 490.771595 72.999187 -272.994069 0.010510 0.855976 0.007502 0.516854
1317388409.395205975 490.391757 73.108031 -273.912699 0.010100 0.856344 0.008084 0.516243
1317388409.608184576 489.606140 73.342557 -275.736593 0.011186 0.856619 0.007598 0.515772
1317388409.809969425 488.796946 73.580738 -277.549931 0.011186 0.856619 0.007598 0.515772
1317388409.913727760 488.417478 73.680290 -278.469793 0.011252 0.856898 0.007679 0.515305
1317388410.017478228 488.029877 73.798733 -279.384028 0.011252 0.856898 0.007679 0.515305
1317388410.121325970 487.621599 73.893774 -280.291935 0.011252 0.856898 0.007679 0.515305
1317388410.224973440 487.234272 74.006927 -281.206948 0.010526 0.857171 0.008254 0.514858
1317388410.432528019 486.434448 74.269798 -283.021048 0.010526 0.857171 0.008254 0.514858
1317388410.639832973 485.634670 74.461936 -284.843882 0.011422 0.857580 0.007878 0.514164
1317388410.743569851 485.231737 74.551803 -285.754691 0.011878 0.857570 0.007800 0.514170
1317388410.847425461 484.840001 74.689338 -286.664468 0.011878 0.857570 0.007800 0.514170
1317388410.951140642 484.450125 74.803243 -287.578285 0.011878 0.857570 0.007800 0.514170
1317388411.158628941 483.652187 75.027317 -289.395819 0.011199 0.857311 0.004878 0.514655
1317388411.365986824 482.832797 75.270589 -291.203301 0.012764 0.857157 0.004191 0.514880
1317388411.469930887 482.440774 75.355114 -292.119440 0.012764 0.857157 0.004191 0.514880
1317388411.677232742 481.645918 75.585070 -293.939432 0.011846 0.857225 0.004868 0.514782
1317388411.884754419 480.826849 75.787539 -295.752664 0.011304 0.857231 0.004523 0.514788
1317388411.988462448 480.438738 75.858423 -296.671555 0.011304 0.857231 0.004523 0.514788
1317388412.092262745 480.056726 75.948609 -297.591309 0.011304 0.857231 0.004523 0.514788
1317388412.299767494 479.249076 76.189331 -299.404736 0.012204 0.857324 0.004529 0.514612
1317388412.403351545 478.855996 76.302173 -300.317318 0.012204 0.857324 0.004529 0.514612
1317388412.507079363 478.450894 76.415995 -301.224502 0.011885 0.857350 0.004905 0.514573
1317388412.714580536 477.629969 76.612123 -303.037069 0.011161 0.857468 0.003427 0.514404
1317388412.922036648 476.827996 76.847333 -304.854051 0.011161 0.857468 0.003427 0.514404
1317388413.025738239 476.455784 77.011844 -305.767503 0.010797 0.857581 0.002995 0.514227
1317388413.233306646 475.661741 77.227387 -307.590330 0.010797 0.857581 0.002995 0.514227
1317388413.336853266 475.265281 77.343327 -308.501056 0.012641 0.857606 0.004300 0.514134
1317388413.440606833 474.879972 77.455812 -309.416996 0.012641 0.857606 0.004300 0.514134
1317388413.544415236 474.496605 77.570162 -310.333539 0.012641 0.857606 0.004300 0.514134
1317388413.751860380 473.705597 77.769263 -312.159194 0.012641 0.857606 0.004300 0.514134
1317388413.959332705 472.924153 77.976692 -313.988388 0.013896 0.857778 0.004169 0.513816
1317388414.166831017 472.116773 78.201896 -315.804173 0.017288 0.857550 0.004766 0.514089
1317388414.270583153 471.723080 78.334438 -316.713931 0.017288 0.857550 0.004766 0.514089
1317388414.374335527 471.323835 78.469974 -317.620826 0.014826 0.857340 0.006319 0.514497
1317388414.581977129 470.525541 78.720000 -319.437354 0.014826 0.857340 0.006319 0.514497
1317388414.789246082 469.694720 78.962913 -321.240099 0.016409 0.856329 0.005092 0.516145
1317388414.996698856 468.886383 79.231312 -323.049387 0.016678 0.855863 0.004229 0.516917
1317388415.100537777 468.500834 79.356002 -323.963679 0.016678 0.855863 0.004229 0.516917
1317388415.204349279 468.113247 79.460717 -324.879554 0.016561 0.855827 0.004762 0.516975
1317388415.411852121 467.360268 79.778169 -326.704679 0.016561 0.855827 0.004762 0.516975
1317388415.619450569 466.561100 80.074464 -328.512583 0.018926 0.856762 0.003973 0.515349
1317388415.723169088 466.192796 80.200077 -329.433797 0.018926 0.856762 0.003973 0.515349
1317388415.930504084 465.355483 80.295189 -331.242646 0.019210 0.858010 0.006282 0.513235
1317388416.034248590 464.951859 80.387778 -332.152881 0.018609 0.858738 0.007033 0.512028
1317388416.241600990 464.295953 79.943083 -333.573583 0.018609 0.858738 0.007033 0.512028
1317388416.449096441 463.475651 80.220310 -335.370419 0.021710 0.860123 0.006882 0.509578
1317388416.656513929 462.616563 80.420385 -337.165272 0.019620 0.861451 0.007182 0.507410
1317388416.863985062 461.602010 79.853040 -338.509918 0.018514 0.862044 0.007195 0.506445
1317388416.967710257 461.178922 79.909132 -339.414284 0.018514 0.862044 0.007195 0.506445
1317388417.071409702 460.764073 80.021058 -340.317294 0.018514 0.862044 0.007195 0.506445
1317388417.278712034 459.863753 80.281966 -342.076561 0.017171 0.862760 0.007946 0.505260
1317388417.382463455 459.489170 80.409437 -342.994964 0.017171 0.862760 0.007946 0.505260
1317388417.486212015 459.110807 80.585861 -343.903685 0.016073 0.862876 0.007289 0.505107
1317388417.589862823 458.796082 80.769813 -344.834884 0.016073 0.862876 0.007289 0.505107
1317388417.693587303 458.415582 80.928562 -345.745980 0.015388 0.862551 0.007228 0.505685
1317388417.900959253 457.565690 81.208073 -347.534278 0.015388 0.862551 0.007228 0.505685
1317388418.004610538 457.148342 81.342866 -348.433004 0.015450 0.860923 0.007255 0.508449
1317388418.108206511 456.747469 81.486370 -349.337895 0.015450 0.860923 0.007255 0.508449
1317388418.211952209 456.328961 81.609906 -350.237692 0.015450 0.860923 0.007255 0.508449
1317388418.315575361 455.916765 81.742666 -351.139114 0.016218 0.857339 0.007542 0.514442
1317388418.419329405 455.527937 81.887959 -352.048951 0.016218 0.857339 0.007542 0.514442
1317388418.523078918 455.141843 82.035714 -352.959611 0.016218 0.857339 0.007542 0.514442
1317388418.730453491 454.467584 81.568144 -354.523311 0.014435 0.848270 0.004179 0.529351
1317388418.834203959 454.090290 81.713649 -355.437988 0.015014 0.843375 0.002703 0.537108
1317388418.937828541 453.788698 81.879849 -356.376990 0.015014 0.843375 0.002703 0.537108
1317388419.041456223 453.440643 82.081394 -357.292765 0.015014 0.843375 0.002703 0.537108
1317388419.248827934 452.683097 82.232122 -359.137430 0.014929 0.832621 0.003474 0.553631
1317388419.352579832 452.406980 82.388804 -360.085899 0.014929 0.832621 0.003474 0.553631
1317388419.456337452 452.094149 82.525950 -361.025910 0.013673 0.827076 0.003738 0.561912
1317388419.560076714 451.805397 82.681344 -361.970742 0.013673 0.827076 0.003738 0.561912
1317388419.663828611 451.493377 82.815218 -362.911400 0.012738 0.821450 0.002915 0.570130
1317388419.767454624 451.216949 82.923730 -363.866384 0.012738 0.821450 0.002915 0.570130
1317388419.871206999 450.952899 83.092410 -364.816185 0.012738 0.821450 0.002915 0.570130
1317388419.974955559 450.689437 83.207728 -365.774023 0.013724 0.815151 0.003316 0.579077
1317388420.078616381 450.441010 83.368769 -366.729267 0.013724 0.815151 0.003316 0.579077
1317388420.285971642 449.931060 83.662103 -368.640320 0.020165 0.800295 0.003169 0.599260
1317388420.389605284 449.744341 83.818254 -369.610430 0.020165 0.800295 0.003169 0.599260
1317388420.493348837 449.513557 83.960863 -370.573040 0.021403 0.792123 0.003511 0.609976
1317388420.597087860 449.340373 84.118399 -371.545429 0.021403 0.792123 0.003511 0.609976
1317388420.700721979 449.139942 84.355644 -372.496247 0.021403 0.792123 0.003511 0.609976
1317388420.804454803 448.976020 84.557519 -373.462158 0.020786 0.783185 0.003379 0.621432
1317388420.908242941 448.842721 84.715438 -374.440808 0.020786 0.783185 0.003379 0.621432
1317388421.011954069 448.678061 84.945738 -375.400108 0.020786 0.783185 0.003379 0.621432
1317388421.115704775 448.542759 85.129920 -376.373835 0.020239 0.774189 0.001416 0.632630
1317388421.219472170 448.431336 85.317360 -377.349945 0.020239 0.774189 0.001416 0.632630
1317388421.323203564 448.326396 85.476791 -378.331744 0.020239 0.774189 0.001416 0.632630
1317388421.426954031 448.190220 85.665635 -379.304414 0.020432 0.765315 0.000123 0.643332
1317388421.530701876 448.097318 85.835300 -380.285751 0.020432 0.765315 0.000123 0.643332
1317388421.634458303 448.013720 86.021476 -381.264998 0.019980 0.756302 0.000819 0.653917
1317388421.738083124 447.958362 86.192205 -382.249006 0.019980 0.756302 0.000819 0.653917
1317388421.841850519 447.891614 86.339527 -383.235915 0.019980 0.756302 0.000819 0.653917
1317388421.945579529 447.837339 86.473209 -384.225551 0.021848 0.747150 0.000053 0.664296
1317388422.049327612 447.799171 86.637880 -385.211322 0.021848 0.747150 0.000053 0.664296
1317388422.153080940 447.746421 86.785078 -386.199214 0.021848 0.747150 0.000053 0.664296
1317388422.256705523 447.705377 86.926452 -387.188534 0.020859 0.738676 0.000532 0.673738
1317388422.360459089 447.700222 87.097944 -388.173970 0.020859 0.738676 0.000532 0.673738
1317388422.464207888 447.692428 87.236705 -389.164428 0.020899 0.730516 0.002239 0.682573
1317388422.567953348 447.712297 87.383135 -390.153604 0.020899 0.730516 0.002239 0.682573
1317388422.671706676 447.722593 87.540519 -391.141226 0.020899 0.730516 0.002239 0.682573
1317388422.775580645 447.736645 87.681903 -392.131204 0.021415 0.723298 0.002263 0.690201
1317388422.879349470 447.785788 87.838751 -393.117742 0.021415 0.723298 0.002263 0.690201
1317388422.983205795 447.823994 87.973618 -394.107955 0.021415 0.723298 0.002263 0.690201
1317388423.086958170 447.867403 88.114333 -395.097145 0.020859 0.717953 0.001087 0.695779
1317388423.190833569 447.950615 88.253127 -396.084097 0.020859 0.717953 0.001087 0.695779
1317388423.294724703 447.990277 88.364459 -397.077128 0.020665 0.713555 0.000697 0.700295
1317388423.398503304 448.085540 88.489308 -398.064794 0.020665 0.713555 0.000697 0.700295
1317388423.606084108 448.212088 88.762506 -400.041860 0.023980 0.705806 -0.000804 0.707999
1317388423.709956169 448.313474 88.880813 -401.029727 0.023980 0.705806 -0.000804 0.707999
1317388423.813835382 448.417486 89.008060 -402.016207 0.024086 0.703447 -0.000718 0.710339
1317388423.917726040 448.511939 89.072171 -403.009681 0.024086 0.703447 -0.000718 0.710339
1317388424.021582842 448.619363 89.207470 -403.994748 0.024086 0.703447 -0.000718 0.710339
1317388424.125353098 448.712067 89.316994 -404.984402 0.023416 0.702337 -0.000163 0.711459
1317388424.229221106 448.814995 89.431009 -405.972570 0.023416 0.702337 -0.000163 0.711459
1317388424.436832428 448.983805 89.634733 -407.954442 0.023748 0.700385 0.000059 0.713370
1317388424.644460201 449.199698 89.877756 -409.927117 0.025179 0.699830 0.000130 0.713865
1317388424.852086544 449.401160 90.126023 -411.900828 0.025179 0.699830 0.000130 0.713865
1317388424.955960035 449.510769 90.323998 -412.874902 0.024653 0.700316 0.000470 0.713407
1317388425.059712410 449.615693 90.443243 -413.862216 0.024653 0.700316 0.000470 0.713407
1317388425.163607359 449.720227 90.544909 -414.851547 0.023348 0.701932 0.000391 0.711861
1317388425.371334314 449.878445 90.708040 -416.838377 0.023348 0.701932 0.000391 0.711861
1317388425.579087496 450.097883 90.982436 -418.806376 0.023617 0.707674 -0.001242 0.706143
1317388425.786958694 450.215074 91.155105 -420.794896 0.025399 0.716112 -0.001960 0.697521
1317388425.994716406 450.346687 91.372094 -422.778500 0.026777 0.720783 -0.001592 0.692642
1317388426.202585220 450.462360 91.610407 -424.760411 0.026777 0.720783 -0.001592 0.692642
1317388426.410460472 450.566802 91.813535 -426.746689 0.034049 0.731109 -0.001977 0.681407
1317388426.618458986 450.620568 92.066410 -428.729308 0.041347 0.741963 -0.010488 0.669082
1317388426.826458931 450.601512 92.245950 -430.720747 0.043317 0.755735 -0.012897 0.653316
1317388427.034712076 450.531905 92.505571 -432.702281 0.042276 0.764576 -0.011642 0.643040
1317388427.138838530 450.467451 92.564154 -433.698523 0.042276 0.764576 -0.011642 0.643040
1317388427.347208023 450.315570 92.746848 -435.683727 0.045951 0.786622 -0.009226 0.615653
1317388427.555464506 449.995137 92.896260 -437.651263 0.049401 0.798478 -0.010814 0.599896
1317388427.763712883 449.601559 93.146712 -439.595095 0.050846 0.810365 -0.010959 0.583613
1317388427.971838236 449.137993 93.449752 -441.513096 0.050846 0.810365 -0.010959 0.583613
1317388428.075879812 448.933224 93.510682 -442.490089 0.048769 0.822225 -0.008299 0.567009
1317388428.283959389 448.389564 93.945450 -444.357881 0.050033 0.833993 -0.006040 0.549469
1317388428.491837978 447.756714 94.206270 -446.236043 0.050033 0.833993 -0.006040 0.549469
1317388428.699463606 447.137000 94.391369 -448.125966 0.055414 0.853989 -0.004201 0.517315
1317388428.906964064 446.332349 94.818875 -449.900798 0.056098 0.876054 -0.000373 0.478938
1317388429.114214897 445.373399 95.103268 -451.623286 0.057041 0.880797 0.001088 0.470045
1317388429.321713924 444.397403 95.525075 -453.316829 0.057041 0.880797 0.001088 0.470045
1317388429.529214859 443.531303 96.043843 -455.039070 0.057911 0.888887 0.003641 0.454437
1317388429.736715794 442.507205 96.426001 -456.713328 0.057740 0.897653 0.005412 0.436871
1317388429.944573641 441.433995 96.853683 -458.342065 0.056956 0.903225 0.005893 0.425331
1317388430.152564049 440.345213 97.190933 -459.984486 0.056956 0.903225 0.005893 0.425331
1317388430.256474972 439.802240 97.122808 -460.821851 0.055998 0.910302 0.007134 0.410078
1317388430.360483885 439.252047 97.146082 -461.656846 0.055998 0.910302 0.007134 0.410078
1317388430.464466810 438.656752 97.159915 -462.460503 0.056020 0.918039 0.010097 0.392382
1317388430.672465086 437.458727 97.462343 -464.032671 0.056020 0.918039 0.010097 0.392382
1317388430.880467653 436.212079 97.764428 -465.565944 0.055121 0.933425 0.012182 0.354303
1317388431.088483572 434.890739 98.190606 -467.004417 0.055520 0.947170 0.016259 0.315471
1317388431.296360016 433.476767 98.712362 -468.306120 0.055559 0.958804 0.020286 0.277842
1317388431.503967285 431.979778 99.274983 -469.496901 0.056200 0.963329 0.020333 0.261582
1317388431.711337090 430.448421 99.735075 -470.694559 0.056200 0.963329 0.020333 0.261582
1317388431.918713331 428.884559 100.277377 -471.808521 0.055907 0.970377 0.022619 0.233946
1317388432.126233339 427.291475 100.847964 -472.869846 0.056518 0.976477 0.026106 0.206440
1317388432.333608389 425.632937 101.337486 -473.867259 0.056336 0.979430 0.027751 0.191763
1317388432.541112423 424.768921 102.589733 -474.465197 0.056336 0.979430 0.027751 0.191763
1317388432.644872427 423.892287 102.608950 -474.946308 0.056534 0.982425 0.027778 0.175707
1317388432.852474213 422.148556 102.986862 -475.837839 0.056534 0.982425 0.027778 0.175707
1317388433.059964657 420.388222 103.475779 -476.637093 0.053940 0.987600 0.033834 0.143498
1317388433.267608643 418.542657 103.878338 -477.291495 0.050993 0.993640 0.033709 0.094567
1317388433.475091934 416.648104 104.220038 -477.831587 0.050810 0.994961 0.034276 0.079342
1317388433.682593584 414.726964 104.541517 -478.283552 0.050810 0.994961 0.034276 0.079342
1317388433.889969587 412.806565 104.890427 -478.717444 0.050384 0.996655 0.034176 0.054518
1317388434.097465277 410.869261 105.266501 -479.039564 0.047747 0.997996 0.032197 0.026233
1317388434.304845095 408.926771 105.680296 -479.269994 0.046703 0.998210 0.032199 0.018936
1317388434.512344122 406.967059 106.004793 -479.498460 0.046703 0.998210 0.032199 0.018936
1317388434.719593287 405.009960 106.367440 -479.692821 0.046672 0.998306 0.033459 0.009295
1317388434.926969051 403.052286 106.738449 -479.863287 0.048180 0.998341 0.031391 0.003022
1317388435.134472370 401.101365 107.146195 -480.028909 0.048659 0.998325 0.031236 0.001936
1317388435.238094330 400.120135 107.322943 -480.107015 0.048659 0.998325 0.031236 0.001936
1317388435.341840744 399.140674 107.511402 -480.179288 0.048659 0.998325 0.031236 0.001936
1317388435.445593596 398.169629 107.703055 -480.322246 0.048957 0.998291 0.031884 0.001100
1317388435.652993441 396.204665 108.027689 -480.490780 0.049030 0.998311 0.031178 0.000086
1317388435.860597849 394.240038 108.390222 -480.579482 0.049030 0.998311 0.031178 0.000086
1317388436.068091631 392.306562 108.876135 -480.737481 0.049612 0.998280 0.031181 -0.001719
1317388436.275597572 390.346466 109.246773 -480.868189 0.050260 0.998252 0.030846 -0.003796
1317388436.379592419 389.366785 109.436682 -480.932865 0.050260 0.998252 0.030846 -0.003796
1317388436.586886644 388.111321 108.721408 -481.104264 0.050174 0.998225 0.031416 -0.006521
1317388436.794345856 386.198203 109.291316 -481.219442 0.049468 0.998231 0.032155 -0.007397
1317388437.001867771 384.229786 109.638021 -481.284382 0.049468 0.998231 0.032155 -0.007397
1317388437.209405184 382.277495 110.060118 -481.383859 0.049444 0.998239 0.031505 -0.009086
1317388437.416994095 380.336762 110.529351 -481.496711 0.050287 0.998167 0.032544 -0.008664
1317388437.520738363 379.354477 110.697966 -481.578465 0.050287 0.998167 0.032544 -0.008664
1317388437.728220701 377.422813 111.197687 -481.714175 0.047380 0.998384 0.030833 -0.005770
1317388437.935596466 375.980359 110.532314 -481.878253 0.045189 0.998598 0.027531 -0.001378
1317388438.143092632 374.024533 110.919043 -482.032686 0.043614 0.998704 0.026189 0.001518
1317388438.247114182 373.036008 111.050888 -482.106524 0.043614 0.998704 0.026189 0.001518
1317388438.350695848 372.042259 111.091762 -482.210443 0.043614 0.998704 0.026189 0.001518
1317388438.454237700 371.056111 111.245230 -482.274492 0.042722 0.998692 0.027460 0.005975
1317388438.557974100 370.077297 111.429866 -482.364694 0.042722 0.998692 0.027460 0.005975
1317388438.661721945 369.104413 111.645060 -482.451030 0.042722 0.998692 0.027460 0.005975
1317388438.765344858 368.132187 111.843934 -482.575319 0.043800 0.998576 0.027499 0.013098
1317388438.972844362 366.183713 112.254910 -482.754290 0.043800 0.998576 0.027499 0.013098
1317388439.076596498 365.209602 112.459909 -482.850096 0.043229 0.998530 0.025960 0.019900
1317388439.180363417 364.237412 112.670761 -482.952938 0.043229 0.998530 0.025960 0.019900
1317388439.284246683 363.264986 112.875727 -483.065398 0.043615 0.998368 0.025811 0.026341
1317388439.387886524 362.301173 113.092100 -483.221936 0.043615 0.998368 0.025811 0.026341
1317388439.491743803 361.328256 113.290326 -483.341388 0.043615 0.998368 0.025811 0.026341
1317388439.595557928 360.357907 113.509034 -483.445257 0.043618 0.998177 0.025758 0.032826
1317388439.699508190 359.390320 113.717604 -483.588694 0.043618 0.998177 0.025758 0.032826
1317388439.803146601 358.420022 113.897164 -483.751677 0.042199 0.997986 0.026787 0.039052
1317388439.906863689 357.452321 114.103560 -483.897064 0.042199 0.997986 0.026787 0.039052
1317388440.010659933 356.489411 114.324138 -484.053125 0.042199 0.997986 0.026787 0.039052
1317388440.114365816 355.522642 114.526857 -484.209327 0.041879 0.997749 0.026496 0.045179
1317388440.218116999 354.556208 114.724612 -484.373947 0.041879 0.997749 0.026496 0.045179
1317388440.321850538 353.599959 114.957144 -484.552196 0.041879 0.997749 0.026496 0.045179
1317388440.426744461 352.649001 115.219408 -484.717258 0.041796 0.997432 0.027500 0.051243
1317388440.529392958 351.688824 115.473853 -484.833291 0.041796 0.997432 0.027500 0.051243
1317388440.633138657 350.718538 115.578580 -485.051606 0.042705 0.997069 0.027751 0.057087
1317388440.737007380 349.782252 115.870422 -485.247437 0.042705 0.997069 0.027751 0.057087
1317388440.944515944 348.325851 115.301304 -485.763374 0.043444 0.996738 0.026443 0.062671
1317388441.048264980 347.365616 115.436608 -486.007829 0.043444 0.996738 0.026443 0.062671
1317388441.152018070 346.407132 115.648157 -486.199365 0.043444 0.996738 0.026443 0.062671
1317388441.255926847 345.454605 115.843460 -486.433099 0.043293 0.996440 0.025784 0.067588
1317388441.463477373 343.542404 116.294746 -486.777962 0.043381 0.996147 0.024784 0.072072
1317388441.567469835 342.610477 116.587765 -486.991948 0.043381 0.996147 0.024784 0.072072
1317388441.671174049 341.649704 116.772178 -487.199284 0.043381 0.996147 0.024784 0.072072
1317388441.774886370 340.685540 116.947726 -487.398658 0.043203 0.995841 0.025241 0.076140
1317388441.878737211 339.725557 117.146920 -487.596046 0.043203 0.995841 0.025241 0.076140
1317388441.982586145 338.784050 117.417069 -487.797768 0.043203 0.995841 0.025241 0.076140
1317388442.086358547 337.839308 117.676316 -487.998594 0.043181 0.995542 0.024914 0.080068
1317388442.190099716 336.880736 117.848812 -488.225423 0.043181 0.995542 0.024914 0.080068
1317388442.293939352 335.921525 118.036319 -488.437153 0.042389 0.995277 0.025055 0.083657
1317388442.397623301 334.970756 118.243143 -488.668233 0.042389 0.995277 0.025055 0.083657
1317388442.501324415 334.014093 118.431174 -488.890836 0.042389 0.995277 0.025055 0.083657
1317388442.605010033 333.067914 118.649737 -489.129890 0.042035 0.994971 0.026093 0.087094
1317388442.708728075 332.111082 118.822480 -489.363710 0.042035 0.994971 0.026093 0.087094
1317388442.814523697 331.177016 119.047993 -489.640735 0.041814 0.994671 0.026099 0.090558
1317388443.019991636 329.280435 119.450285 -490.129215 0.041814 0.994671 0.026099 0.090558
1317388443.227492332 327.390195 119.863924 -490.634185 0.042079 0.993901 0.021166 0.099712
1317388443.331279516 326.456719 120.070181 -490.927683 0.042079 0.993901 0.021166 0.099712
1317388443.538939714 324.577443 120.363684 -491.545373 0.043677 0.993215 0.017968 0.106274
1317388443.746363640 322.731846 120.894232 -492.102729 0.043383 0.992678 0.009246 0.112351
1317388443.953984022 320.846672 121.186800 -492.700395 0.042316 0.992513 0.005157 0.114461
1317388444.161663055 318.957869 121.515603 -493.252014 0.042316 0.992513 0.005157 0.114461
1317388444.369413614 317.068246 121.835872 -493.818029 0.042674 0.992338 -0.002622 0.115922
1317388444.577107906 315.205869 122.305594 -494.355110 0.046327 0.992404 -0.002755 0.113935
1317388444.785115957 313.313682 122.604750 -494.883745 0.047255 0.992846 -0.002621 0.109618
1317388444.889246464 312.366519 122.688678 -495.193325 0.047255 0.992846 -0.002621 0.109618
1317388445.097570419 310.502211 122.999649 -495.832578 0.049665 0.995394 -0.000230 0.082003
1317388445.201829433 309.558449 123.023307 -496.163111 0.049665 0.995394 -0.000230 0.082003
1317388445.410341978 307.668268 123.422370 -496.656351 0.051700 0.997297 0.007832 0.051628
1317388445.618626595 305.754018 123.811756 -497.042723 0.051687 0.998471 0.013461 0.014274
1317388445.827104092 303.788499 124.122168 -497.236338 0.052131 0.997302 0.021058 -0.047193
1317388446.035901785 301.821589 124.473962 -497.263800 0.049849 0.996119 0.022823 -0.068858
1317388446.243566275 299.852202 124.801895 -497.160998 0.049356 0.994330 0.025805 -0.090588
1317388446.347496748 298.859030 124.892301 -497.086428 0.049356 0.994330 0.025805 -0.090588
1317388446.555829763 296.890148 125.126368 -496.834174 0.046426 0.992182 0.027193 -0.112610
1317388446.764697790 294.919045 125.351370 -496.585799 0.045741 0.989519 0.027595 -0.134155
1317388446.971286297 292.996521 125.742018 -496.204530 0.045741 0.989519 0.027595 -0.134155
1317388447.282502651 291.090374 126.191414 -495.912079 0.046920 0.979897 0.029117 -0.191708
1317388447.489754915 289.207912 126.403943 -495.281408 0.048927 0.973578 0.026731 -0.221444
1317388447.697010994 287.341010 126.559250 -494.583617 0.053221 0.965567 0.024107 -0.253509
1317388447.904274702 285.554807 126.878249 -493.743443 0.053216 0.963540 0.023718 -0.261145
1317388448.111618996 283.792280 127.215771 -492.864684 0.053216 0.963540 0.023718 -0.261145
1317388448.318855762 282.025123 127.573102 -492.001028 0.054073 0.960464 0.022643 -0.272161
1317388448.422483444 281.156642 127.761476 -491.542454 0.054073 0.960464 0.022643 -0.272161
1317388448.525980473 280.292745 127.955563 -491.077588 0.055315 0.960544 0.022582 -0.271635
1317388448.629629850 279.426257 128.162303 -490.623076 0.055315 0.960544 0.022582 -0.271635
1317388448.733359098 278.552689 128.368469 -490.182146 0.054095 0.961134 0.022836 -0.269766
1317388448.940728903 276.804592 128.700542 -489.269532 0.054095 0.961134 0.022836 -0.269766
1317388449.044359684 275.931466 128.903055 -488.826046 0.053484 0.961321 0.022586 -0.269241
1317388449.251859903 274.193459 129.283160 -487.912724 0.053484 0.961321 0.022586 -0.269241
1317388449.355484724 273.323911 129.482695 -487.460981 0.053272 0.961537 0.021861 -0.268571
1317388449.459238768 272.454493 129.708569 -487.021512 0.053272 0.961537 0.021861 -0.268571
1317388449.666867018 270.701265 130.039410 -486.117971 0.052616 0.962010 0.020427 -0.267115
1317388449.874249458 268.953467 130.394112 -485.212993 0.051708 0.962332 0.019202 -0.266222
1317388450.081736803 267.228823 130.847448 -484.309318 0.051708 0.962332 0.019202 -0.266222
1317388450.185482979 266.360135 131.083793 -483.873892 0.051096 0.962641 0.018744 -0.265257
1317388450.289109945 265.495190 131.295965 -483.418975 0.051096 0.962641 0.018744 -0.265257
1317388450.392860651 264.614556 131.505554 -482.993903 0.051427 0.962994 0.019654 -0.263840
1317388450.496484756 263.734272 131.710611 -482.565921 0.051427 0.962994 0.019654 -0.263840
1317388450.600131989 262.842131 131.844770 -482.134366 0.051427 0.962994 0.019654 -0.263840
1317388450.703857660 261.981912 132.078118 -481.680789 0.051375 0.963701 0.020754 -0.261171
1317388450.807506561 261.099045 132.231216 -481.236781 0.051375 0.963701 0.020754 -0.261171
1317388451.014879465 259.341099 132.614366 -480.366490 0.051837 0.964669 0.019817 -0.257555
1317388451.118608236 258.463440 132.836612 -479.941687 0.051837 0.964669 0.019817 -0.257555
1317388451.222237825 257.581328 133.033442 -479.513648 0.051837 0.964669 0.019817 -0.257555
1317388451.325880289 256.696838 133.228031 -479.089467 0.052967 0.966135 0.019014 -0.251827
1317388451.429611206 255.809210 133.432795 -478.676739 0.052967 0.966135 0.019014 -0.251827
1317388451.533108234 254.938439 133.657211 -478.239092 0.053278 0.967865 0.018854 -0.245039
1317388451.636878729 254.056819 133.905653 -477.837542 0.053278 0.967865 0.018854 -0.245039
1317388451.740510702 253.155650 134.143152 -477.474537 0.053278 0.967865 0.018854 -0.245039
1317388451.844238758 252.249617 134.304844 -477.083198 0.052209 0.969731 0.017905 -0.237857
1317388451.947984934 251.358853 134.507292 -476.675896 0.052209 0.969731 0.017905 -0.237857
1317388452.051736355 250.454545 134.748519 -476.323179 0.052209 0.969731 0.017905 -0.237857
1317388452.155483723 249.540044 134.941814 -475.967461 0.052032 0.971283 0.017742 -0.231490
1317388452.259235620 248.629301 135.158033 -475.615320 0.052032 0.971283 0.017742 -0.231490
1317388452.362986088 247.721453 135.347031 -475.240865 0.052392 0.972738 0.016493 -0.225309
1317388452.570486546 245.925371 135.835742 -474.522738 0.052392 0.972738 0.016493 -0.225309
1317388452.674239159 245.016609 136.046461 -474.162320 0.052644 0.974129 0.014791 -0.219277
1317388452.777988434 244.096488 136.200079 -473.801917 0.052644 0.974129 0.014791 -0.219277
1317388452.985613108 242.276079 136.583883 -473.074423 0.054902 0.976166 0.013909 -0.209503
1317388453.089363813 241.351367 136.761418 -472.737588 0.054902 0.976166 0.013909 -0.209503
1317388453.193238497 240.426574 136.927720 -472.395313 0.055500 0.976788 0.013078 -0.206478
1317388453.297117710 239.493577 137.098005 -472.078078 0.055500 0.976788 0.013078 -0.206478
1317388453.401001453 238.566112 137.294598 -471.759958 0.055500 0.976788 0.013078 -0.206478
1317388453.608756781 236.727223 137.733028 -471.108726 0.054258 0.977263 0.011651 -0.204638
1317388453.816362619 234.937485 138.229616 -470.371778 0.054181 0.977777 0.009796 -0.202290
1317388453.920235634 234.026748 138.476055 -470.040269 0.054181 0.977777 0.009796 -0.202290
1317388454.023990631 233.094741 138.669370 -469.733411 0.055696 0.978056 0.009895 -0.200514
1317388454.231656551 231.244980 139.076222 -469.091340 0.055696 0.978056 0.009895 -0.200514
1317388454.439382553 229.394728 139.501192 -468.462806 0.056763 0.978433 0.005852 -0.198525
1317388454.543113708 228.459410 139.660292 -468.146460 0.055709 0.978597 0.008046 -0.197938
1317388454.646883965 227.531503 139.852514 -467.826798 0.055709 0.978597 0.008046 -0.197938
1317388454.750754356 226.594794 140.012853 -467.515479 0.055709 0.978597 0.008046 -0.197938
1317388454.958254576 224.748258 140.467261 -466.896880 0.057964 0.978445 0.006759 -0.198093
1317388455.061987877 223.814328 140.653798 -466.591952 0.057964 0.978445 0.006759 -0.198093
1317388455.165739298 222.882209 140.804224 -466.262498 0.056695 0.978417 0.007471 -0.198569
1317388455.373249054 221.042146 141.220089 -465.601638 0.053123 0.978355 0.008666 -0.199811
1317388455.476989269 220.121338 141.431824 -465.274038 0.053123 0.978355 0.008666 -0.199811
1317388455.580739975 219.184814 141.588512 -464.960380 0.053123 0.978355 0.008666 -0.199811
1317388455.788362026 217.315984 141.915298 -464.327851 0.045292 0.977579 0.010640 -0.205364
1317388455.995841026 215.465049 142.310981 -463.683498 0.041452 0.976191 0.011490 -0.212606
1317388456.099491835 214.539591 142.462303 -463.336058 0.041452 0.976191 0.011490 -0.212606
1317388456.306988716 212.702856 142.854744 -462.652706 0.045071 0.973304 0.013433 -0.224649
1317388456.514366865 210.875559 143.236683 -461.936255 0.045016 0.972476 0.011933 -0.228301
1317388456.618117571 209.967261 143.409817 -461.555381 0.045016 0.972476 0.011933 -0.228301
1317388456.721935749 209.058283 143.586469 -461.177706 0.045016 0.972476 0.011933 -0.228301
1317388456.825614452 208.147140 143.764432 -460.805843 0.045089 0.971684 0.014256 -0.231502
1317388457.032988310 206.330115 144.111404 -460.046000 0.046106 0.971185 0.013864 -0.233412
1317388457.240523815 204.517970 144.468973 -459.279321 0.046106 0.971185 0.013864 -0.233412
1317388457.447967291 202.709108 144.835607 -458.508975 0.039823 0.971071 0.015707 -0.234923
1317388457.655367613 200.892841 145.146900 -457.731923 0.035773 0.970995 0.018119 -0.235714
1317388457.759134769 199.980988 145.306930 -457.353830 0.035773 0.970995 0.018119 -0.235714
1317388457.966495752 198.170492 145.640413 -456.572408 0.033549 0.971091 0.018882 -0.235586
1317388458.173995495 196.350368 145.888414 -455.786238 0.031286 0.971167 0.019622 -0.235523
1317388458.381355524 194.546479 146.249625 -455.010488 0.031286 0.971167 0.019622 -0.235523
1317388458.588616371 192.741130 146.568481 -454.212117 0.030080 0.970798 0.021214 -0.237057
1317388458.796117783 190.917911 146.857765 -453.443680 0.027147 0.970646 0.021771 -0.237981
1317388458.899746418 190.001100 146.994699 -453.068497 0.027147 0.970646 0.021771 -0.237981
1317388459.107123613 188.177800 147.224211 -452.281402 0.024830 0.970630 0.022954 -0.238188
1317388459.314567804 186.363026 147.479190 -451.510622 0.023709 0.970550 0.022881 -0.238634
1317388459.521866322 184.531384 147.691142 -450.737041 0.023709 0.970550 0.022881 -0.238634
1317388459.625496864 183.619660 147.818241 -450.346375 0.022331 0.970441 0.023772 -0.239123
1317388459.729244709 182.699212 147.911033 -449.966548 0.022331 0.970441 0.023772 -0.239123
1317388459.936743021 180.885186 148.175921 -449.167835 0.019444 0.970076 0.023631 -0.240867
1317388460.144243002 179.065039 148.396502 -448.368899 0.018732 0.969932 0.024105 -0.241456
1317388460.247992039 178.151952 148.499215 -447.974211 0.018732 0.969932 0.024105 -0.241456
1317388460.351744413 177.242210 148.615435 -447.575622 0.018732 0.969932 0.024105 -0.241456
1317388460.559139729 175.423928 148.873356 -446.784096 0.018712 0.969718 0.025414 -0.242180
1317388460.766616821 173.603288 149.096147 -445.987572 0.018967 0.969317 0.024647 -0.243839
1317388460.870244980 172.696790 149.223483 -445.585006 0.018967 0.969317 0.024647 -0.243839
1317388460.973995924 171.788539 149.310998 -445.175828 0.016976 0.969025 0.026363 -0.244966
1317388461.077742577 170.877331 149.409860 -444.775805 0.016976 0.969025 0.026363 -0.244966
1317388461.181370735 169.967584 149.500728 -444.370612 0.016976 0.969025 0.026363 -0.244966
1317388461.388886452 168.155328 149.731530 -443.560920 0.015336 0.968301 0.029513 -0.247563
1317388461.596386671 166.333296 149.878060 -442.749520 0.011142 0.967556 0.029403 -0.250692
1317388461.700137854 165.404901 149.851661 -442.378727 0.011142 0.967556 0.029403 -0.250692
1317388461.803890705 164.491621 149.961561 -441.986294 0.011055 0.967310 0.031210 -0.251425
1317388461.907512426 163.588906 150.058826 -441.567047 0.011055 0.967310 0.031210 -0.251425
1317388462.011245489 162.671819 150.130849 -441.174808 0.011055 0.967310 0.031210 -0.251425
1317388462.114868164 161.761779 150.209402 -440.767727 0.011219 0.967132 0.031987 -0.252004
1317388462.218620300 160.856186 150.263249 -440.346928 0.011219 0.967132 0.031987 -0.252004
1317388462.425997496 159.088805 150.621035 -439.482133 0.012045 0.966621 0.031361 -0.254000
1317388462.633373737 157.292713 150.868812 -438.638440 0.011207 0.966479 0.030395 -0.254693
1317388462.736996889 156.385505 150.917572 -438.220593 0.011207 0.966479 0.030395 -0.254693
1317388462.944371462 154.584498 151.026022 -437.360956 0.010374 0.966421 0.030409 -0.254947
1317388463.048144579 153.691464 151.147552 -436.927644 0.010374 0.966421 0.030409 -0.254947
1317388463.255497694 151.896246 151.431773 -436.102052 0.008367 0.966481 0.028824 -0.254977
1317388463.462874413 150.086698 151.679546 -435.287682 0.006370 0.966579 0.027594 -0.254801
1317388463.566510677 149.183111 151.702723 -434.859771 0.006370 0.966579 0.027594 -0.254801
1317388463.670143366 148.294212 151.858870 -434.429044 0.006370 0.966579 0.027594 -0.254801
1317388463.773873091 147.390421 151.945275 -434.009773 0.005916 0.966645 0.027768 -0.254540
1317388463.877502441 146.487291 152.100980 -433.609582 0.005916 0.966645 0.027768 -0.254540
1317388463.981248379 145.590335 152.200944 -433.178876 0.005916 0.966645 0.027768 -0.254540
1317388464.084995985 144.678175 152.304689 -432.782223 0.007412 0.966985 0.027877 -0.253196
1317388464.292393208 142.872456 152.472413 -431.939642 0.008558 0.967507 0.027491 -0.251199
1317388464.499750853 141.066792 152.662770 -431.102337 0.008558 0.967507 0.027491 -0.251199
1317388464.707249641 139.255881 152.865552 -430.278298 0.006022 0.969938 0.025541 -0.241932
1317388464.810874224 138.343988 152.957175 -429.878085 0.006022 0.969938 0.025541 -0.241932
1317388464.914625645 137.438695 153.066664 -429.467546 0.005682 0.970729 0.026065 -0.238690
1317388465.018258095 136.520650 153.164246 -429.082988 0.005682 0.970729 0.026065 -0.238690
1317388465.225746632 134.694153 153.371684 -428.295271 0.006344 0.972165 0.024590 -0.232916
1317388465.329517365 133.779052 153.472085 -427.904747 0.006344 0.972165 0.024590 -0.232916
1317388465.433257818 132.855930 153.535581 -427.525353 0.007107 0.972667 0.024996 -0.230747
1317388465.537019253 131.936308 153.596649 -427.137278 0.007107 0.972667 0.024996 -0.230747
1317388465.640747547 131.023143 153.761378 -426.764360 0.007107 0.972667 0.024996 -0.230747
1317388465.848373413 129.187268 153.941358 -425.992941 0.008533 0.973158 0.024411 -0.228680
1317388465.952126265 128.265956 154.050579 -425.619743 0.008533 0.973158 0.024411 -0.228680
1317388466.159502506 126.509988 154.574221 -424.866835 0.008042 0.973673 0.024518 -0.226485
1317388466.263252497 125.583763 154.652173 -424.497924 0.008030 0.973926 0.025024 -0.225339
1317388466.470632315 123.738941 154.854616 -423.767975 0.008030 0.973926 0.025024 -0.225339
1317388466.677998066 121.904812 155.106668 -423.012752 0.010237 0.974405 0.024293 -0.223248
1317388466.781626463 120.983857 155.227215 -422.642182 0.010237 0.974405 0.024293 -0.223248
1317388466.989126444 119.130061 155.429219 -421.920031 0.010957 0.974815 0.023019 -0.221555
1317388467.092876434 118.206798 155.539983 -421.551952 0.009416 0.974955 0.024465 -0.220852
1317388467.196623087 117.274330 155.632343 -421.202571 0.009416 0.974955 0.024465 -0.220852
1317388467.300394773 116.360763 155.804239 -420.833977 0.009416 0.974955 0.024465 -0.220852
1317388467.404126644 115.430949 155.910545 -420.481615 0.009245 0.975020 0.024518 -0.220565
1317388467.507770777 114.505667 156.023776 -420.119587 0.009245 0.975020 0.024518 -0.220565
1317388467.715125799 112.650273 156.259408 -419.411515 0.010626 0.975141 0.023627 -0.220066
1317388467.818875790 111.715035 156.344103 -419.067767 0.010626 0.975141 0.023627 -0.220066
1317388468.026395321 109.860934 156.478680 -418.330808 0.010147 0.975298 0.023318 -0.219425
1317388468.233752966 108.017065 156.705565 -417.597535 0.010384 0.975421 0.023282 -0.218868
1317388468.337375402 107.093396 156.848433 -417.241958 0.010384 0.975421 0.023282 -0.218868
1317388468.544751167 105.243555 157.058254 -416.513399 0.011839 0.975672 0.022734 -0.217734
1317388468.752269030 103.394685 157.333838 -415.805621 0.011839 0.975672 0.022734 -0.217734
1317388468.959756374 101.531061 157.538453 -415.109597 0.013325 0.975553 0.022202 -0.218232
1317388469.167374849 99.702507 157.881424 -414.377428 0.012374 0.974881 0.022464 -0.221243
1317388469.271126032 98.772724 157.978789 -414.022363 0.012374 0.974881 0.022464 -0.221243
1317388469.478625774 96.922245 158.138283 -413.280782 0.010748 0.973458 0.024995 -0.227243
1317388469.686129808 95.078284 158.329882 -412.531109 0.008641 0.970443 0.027166 -0.239642
1317388469.893754721 93.251093 158.521139 -411.741206 0.007066 0.969304 0.026356 -0.244345
1317388470.101253986 91.433604 158.715023 -410.929741 0.007066 0.969304 0.026356 -0.244345
1317388470.308631182 90.401834 159.778717 -410.518648 0.007358 0.966802 0.025004 -0.254195
1317388470.412376642 89.491217 159.806964 -410.106318 0.007358 0.966802 0.025004 -0.254195
1317388470.619878531 87.701960 160.074938 -409.263717 0.007358 0.966802 0.025004 -0.254195
1317388470.827254534 85.915988 160.330385 -408.410393 0.009006 0.963757 0.023007 -0.265635
1317388471.034626961 84.133676 160.525123 -407.524465 0.011146 0.960521 0.022376 -0.277083
1317388471.242004156 82.362867 160.667910 -406.606566 0.011146 0.960521 0.022376 -0.277083
1317388471.449507952 80.618074 160.864471 -405.650158 0.011560 0.958100 0.019330 -0.285548
1317388471.656876564 78.902123 161.010208 -404.634228 0.016552 0.955141 0.016112 -0.295249
1317388471.864399433 77.176534 161.244130 -403.651140 0.016404 0.954218 0.015404 -0.298263
1317388471.968130112 76.300332 161.341298 -403.179063 0.016404 0.954218 0.015404 -0.298263
1317388472.175508499 74.582058 161.540408 -402.175766 0.014771 0.952691 0.015519 -0.303185
1317388472.383004427 72.880934 161.766111 -401.155580 0.013831 0.952136 0.015899 -0.304948
1317388472.590381384 71.193610 162.041630 -400.120252 0.013831 0.952136 0.015899 -0.304948
1317388472.694133043 70.343989 162.137932 -399.601634 0.013166 0.951396 0.016882 -0.307225
1317388472.901757240 68.643770 162.333070 -398.567116 0.013166 0.951396 0.016882 -0.307225
1317388473.109131813 66.948161 162.539847 -397.527298 0.011633 0.948906 0.014678 -0.315003
1317388473.316503525 65.269494 162.757533 -396.462432 0.011647 0.946167 0.012795 -0.323217
1317388473.420132637 64.435360 162.858846 -395.920214 0.011647 0.946167 0.012795 -0.323217
1317388473.523879051 63.604377 162.970514 -395.375208 0.010951 0.945768 0.013318 -0.324385
1317388473.731134653 61.947997 163.188620 -394.275759 0.010951 0.945768 0.013318 -0.324385
1317388473.834879875 61.122684 163.339717 -393.731639 0.010425 0.946036 0.013491 -0.323611
1317388473.938508272 60.289491 163.468719 -393.193893 0.010425 0.946036 0.013491 -0.323611
1317388474.146018982 58.624788 163.738917 -392.119131 0.005578 0.946871 0.009532 -0.321425
1317388474.353401661 56.950779 163.972566 -391.050534 0.005612 0.946927 0.008694 -0.321281
1317388474.457010031 56.116549 164.079307 -390.509462 0.005612 0.946927 0.008694 -0.321281
1317388474.560759306 55.281865 164.151485 -389.963405 0.005612 0.946927 0.008694 -0.321281
1317388474.664388895 54.445701 164.287072 -389.431934 0.005439 0.946863 0.008458 -0.321481
1317388474.871792555 52.778645 164.464972 -388.341611 0.005439 0.946863 0.008458 -0.321481
1317388475.079134703 51.104786 164.655036 -387.264031 0.002484 0.946469 0.007323 -0.322702
1317388475.182884455 50.285087 164.784120 -386.705942 0.001733 0.946195 0.007664 -0.323503
1317388475.286635160 49.452148 164.866904 -386.158805 0.001733 0.946195 0.007664 -0.323503
1317388475.494258404 47.803965 165.146578 -385.061336 0.000744 0.945713 0.006765 -0.324932
1317388475.598005772 46.966150 165.196227 -384.517622 0.000744 0.945713 0.006765 -0.324932
1317388475.701762438 46.133115 165.296977 -383.973567 0.000744 0.945713 0.006765 -0.324932
1317388475.909258366 44.475575 165.463309 -382.866861 -0.000396 0.944714 0.007076 -0.327819
1317388476.013009071 43.645576 165.538675 -382.314152 -0.001373 0.944250 0.007321 -0.329145
1317388476.116777897 42.822390 165.613384 -381.751285 -0.001373 0.944250 0.007321 -0.329145
1317388476.324133635 41.162497 165.756805 -380.645515 -0.001779 0.943897 0.005994 -0.330180
1317388476.531507254 39.520295 165.969943 -379.524540 -0.001779 0.943897 0.005994 -0.330180
1317388476.635154486 38.682756 166.050583 -378.983998 -0.002556 0.943705 0.006245 -0.330718
1317388476.738884211 37.854358 166.119685 -378.428107 -0.002556 0.943705 0.006245 -0.330718
1317388476.842510462 37.029594 166.213082 -377.870398 -0.004528 0.943535 0.006374 -0.331179
1317388476.946262121 36.207073 166.326334 -377.312987 -0.004528 0.943535 0.006374 -0.331179
1317388477.049887657 35.375501 166.401289 -376.762591 -0.004528 0.943535 0.006374 -0.331179
1317388477.257260084 33.724439 166.561042 -375.645738 -0.003458 0.943450 0.002740 -0.331486
1317388477.361012459 32.894133 166.659137 -375.097097 -0.003458 0.943450 0.002740 -0.331486
1317388477.464761496 32.068351 166.752108 -374.540658 -0.004866 0.943395 0.003704 -0.331615
1317388477.568381310 31.242425 166.837383 -373.983287 -0.004866 0.943395 0.003704 -0.331615
1317388477.775762081 29.590663 167.009933 -372.869022 -0.003894 0.943362 0.002244 -0.331735
1317388477.879509926 28.768149 167.114702 -372.310011 -0.003894 0.943362 0.002244 -0.331735
1317388478.087011337 27.126463 167.323592 -371.187457 -0.002856 0.943100 -0.000328 -0.332497
1317388478.294385433 25.501887 167.549531 -370.043272 -0.003476 0.943149 -0.000632 -0.332352
1317388478.398155689 24.678153 167.669341 -369.489070 -0.003476 0.943149 -0.000632 -0.332352
1317388478.605644226 23.018338 167.822178 -368.384058 -0.007325 0.943162 -0.000686 -0.332251
1317388478.813138485 21.379626 167.934196 -367.247992 -0.008226 0.943179 -0.000965 -0.332183
1317388479.020547152 19.719251 168.099345 -366.145404 -0.008226 0.943179 -0.000965 -0.332183
1317388479.228031397 18.067701 168.252695 -365.028021 -0.010549 0.943270 -0.002993 -0.331845
1317388479.331759691 17.239866 168.336588 -364.473296 -0.010549 0.943270 -0.002993 -0.331845
1317388479.435394049 16.410923 168.425919 -363.921121 -0.011500 0.943295 -0.002924 -0.331745
1317388479.539155483 15.580303 168.492682 -363.368272 -0.011500 0.943295 -0.002924 -0.331745
1317388479.642757893 14.753076 168.540413 -362.808407 -0.012095 0.943284 -0.003007 -0.331753
1317388479.850262642 13.102270 168.695309 -361.690263 -0.012095 0.943284 -0.003007 -0.331753
1317388480.057638645 11.432866 168.823662 -360.596269 -0.018060 0.943103 -0.004371 -0.331981
1317388480.161283016 10.616980 168.880662 -360.020799 -0.018060 0.943103 -0.004371 -0.331981
1317388480.368765593 8.953556 169.007009 -358.918088 -0.019035 0.943148 -0.004904 -0.331790
1317388480.472510338 8.123298 169.065022 -358.363675 -0.019868 0.943097 -0.005112 -0.331884
1317388480.576138973 7.299962 169.147278 -357.802114 -0.019868 0.943097 -0.005112 -0.331884
1317388480.783641338 5.654338 169.251245 -356.670562 -0.020888 0.943071 -0.006471 -0.331873
1317388480.991136551 4.625101 170.291773 -356.191867 -0.020888 0.943071 -0.006471 -0.331873
1317388481.198512316 3.583327 169.429001 -355.305861 -0.020847 0.943114 -0.006205 -0.331757
1317388481.302140474 2.733819 169.510888 -354.784645 -0.021211 0.943024 -0.005557 -0.332002
1317388481.509516954 1.066784 169.659240 -353.689773 -0.021211 0.943024 -0.005557 -0.332002
1317388481.716890097 -0.579117 169.757934 -352.559783 -0.024563 0.942482 -0.004060 -0.333329
1317388481.820638657 -1.432360 169.810396 -352.040834 -0.024563 0.942482 -0.004060 -0.333329
1317388482.028158188 -3.101103 169.890063 -350.942841 -0.024972 0.942236 -0.003956 -0.333995
1317388482.235514164 -4.781984 169.966483 -349.862832 -0.025168 0.941929 -0.004586 -0.334837
1317388482.443016768 -5.710847 170.923357 -348.996363 -0.026203 0.941721 -0.004784 -0.335339
1317388482.650513649 -7.334413 170.888810 -347.829962 -0.026203 0.941721 -0.004784 -0.335339
1317388482.754266739 -8.156878 170.938669 -347.263320 -0.028385 0.941392 -0.003966 -0.336096
1317388482.857911110 -8.986719 170.953208 -346.705407 -0.028385 0.941392 -0.003966 -0.336096
1317388482.961639166 -9.816628 170.965580 -346.147562 -0.028385 0.941392 -0.003966 -0.336096
1317388483.065273762 -10.639262 170.983128 -345.579176 -0.028256 0.941412 -0.002819 -0.336062
1317388483.272642851 -12.285794 171.033583 -344.446366 -0.027950 0.941649 -0.005325 -0.335392
1317388483.376267910 -13.108516 171.051122 -343.878195 -0.027950 0.941649 -0.005325 -0.335392
1317388483.479908943 -13.926576 171.126456 -343.307969 -0.027950 0.941649 -0.005325 -0.335392
1317388483.583643675 -14.739165 171.141872 -342.725239 -0.024843 0.942083 -0.004632 -0.334428
1317388483.687267780 -15.564926 171.220677 -342.166601 -0.024843 0.942083 -0.004632 -0.334428
1317388483.790889263 -16.380810 171.260412 -341.589722 -0.024843 0.942083 -0.004632 -0.334428
1317388483.998392105 -18.040293 171.361183 -340.479134 -0.026884 0.942656 -0.002455 -0.332674
1317388484.205769539 -19.505090 171.990566 -339.462101 -0.024201 0.943264 -0.005870 -0.331107
1317388484.309517145 -20.345737 172.019412 -338.921197 -0.024201 0.943264 -0.005870 -0.331107
1317388484.516890764 -21.990148 172.072961 -337.792632 -0.031032 0.943273 -0.003056 -0.330551
1317388484.620643139 -22.824065 172.101421 -337.241361 -0.031032 0.943273 -0.003056 -0.330551
1317388484.724398136 -23.660850 172.122019 -336.694047 -0.033555 0.943119 0.000073 -0.330759
1317388484.931910753 -25.309513 172.260431 -335.573181 -0.033555 0.943119 0.000073 -0.330759
1317388485.139398336 -26.959468 172.265819 -334.445896 -0.041832 0.942468 0.000127 -0.331669
1317388485.243288040 -27.797701 172.259433 -333.900508 -0.046292 0.941278 0.002472 -0.334436
1317388485.451144934 -29.456921 172.296560 -332.784960 -0.046292 0.941278 0.002472 -0.334436
1317388485.659039021 -31.103176 172.427060 -331.660702 -0.054845 0.936568 0.001363 -0.346165
1317388485.867025375 -32.704124 172.377386 -330.464416 -0.065526 0.926130 -0.002702 -0.371460
1317388486.075266600 -34.227255 172.255521 -329.181131 -0.069274 0.920458 -0.004067 -0.384631
1317388486.179395437 -34.999953 172.128363 -328.559180 -0.069274 0.920458 -0.004067 -0.384631
1317388486.387768030 -36.353446 172.369903 -327.145433 -0.069481 0.906281 -0.010351 -0.416798
1317388486.596017599 -37.666217 172.057689 -325.670452 -0.070413 0.888789 -0.019039 -0.452475
1317388486.804270744 -38.852841 171.318045 -324.449565 -0.067320 0.879231 -0.023511 -0.471029
1317388486.908395052 -39.486544 171.211053 -323.683313 -0.067320 0.879231 -0.023511 -0.471029
1317388487.116644859 -40.511256 172.114061 -322.507942 -0.057497 0.842449 -0.030446 -0.534834
1317388487.325029612 -41.038200 172.875192 -321.198132 -0.053745 0.826652 -0.032604 -0.559191
1317388487.429164886 -41.549648 172.802519 -320.341813 -0.053745 0.826652 -0.032604 -0.559191
1317388487.637269258 -42.992550 173.200211 -319.372961 -0.047334 0.792981 -0.038860 -0.606161
1317388487.845270395 -43.684731 173.233987 -317.500497 -0.045728 0.757103 -0.045308 -0.650116
1317388488.053020954 -43.893241 174.053838 -315.987586 -0.044665 0.738439 -0.049438 -0.671021
1317388488.260894060 -44.692823 174.865152 -314.732343 -0.044665 0.738439 -0.049438 -0.671021
1317388488.468520880 -45.415044 176.659436 -314.345518 -0.045019 0.699465 -0.057693 -0.710911
1317388488.676148891 -45.599663 177.704139 -313.073279 -0.038792 0.637454 -0.067166 -0.766574
1317388488.883769274 -45.426309 178.053063 -311.113646 -0.035825 0.616279 -0.069397 -0.783646
1317388489.091269493 -45.019141 179.103770 -310.023248 -0.035825 0.616279 -0.069397 -0.783646
1317388489.298770666 -44.712514 179.283762 -308.056101 -0.033526 0.574531 -0.076389 -0.814220
1317388489.506145716 -44.177536 179.482679 -306.140558 -0.026669 0.512375 -0.088825 -0.853739
1317388489.713520288 -43.435599 179.796885 -304.310380 -0.023387 0.492429 -0.092729 -0.865082
1317388489.920898438 -42.612288 180.067007 -302.510365 -0.023387 0.492429 -0.092729 -0.865082
1317388490.128146172 -41.761293 180.405758 -300.734560 -0.019546 0.458689 -0.098591 -0.882894
1317388490.335272312 -40.747497 181.017138 -299.124149 -0.017163 0.431993 -0.105981 -0.895464
1317388490.542546272 -39.680957 181.301969 -297.474027 -0.015580 0.422793 -0.108161 -0.899614
1317388490.749774218 -38.555385 181.798173 -295.897874 -0.015580 0.422793 -0.108161 -0.899614
1317388490.853400230 -38.019066 182.012721 -295.081573 -0.013149 0.418071 -0.109566 -0.901687
1317388490.956898928 -37.462790 182.236392 -294.281194 -0.013149 0.418071 -0.109566 -0.901687
1317388491.060525417 -36.912668 182.494338 -293.486889 -0.013149 0.418071 -0.109566 -0.901687
1317388491.164273500 -36.347613 182.719186 -292.693004 -0.010774 0.416538 -0.110350 -0.902332
1317388491.267901182 -35.788595 182.965978 -291.901426 -0.010774 0.416538 -0.110350 -0.902332
1317388491.475272894 -34.656663 183.406320 -290.312640 -0.009803 0.415279 -0.111246 -0.902813
1317388491.579047918 -34.102602 183.684814 -289.528113 -0.009803 0.415279 -0.111246 -0.902813
1317388491.682790518 -33.547116 183.986585 -288.753256 -0.008526 0.414599 -0.111278 -0.903135
1317388491.786523104 -33.002374 184.275607 -287.966031 -0.008526 0.414599 -0.111278 -0.903135
1317388491.993896961 -31.890640 184.839237 -286.402224 -0.007327 0.414078 -0.112281 -0.903260
1317388492.097653151 -31.329973 185.099180 -285.615959 -0.007327 0.414078 -0.112281 -0.903260
1317388492.201399326 -30.785603 185.426751 -284.843693 -0.007327 0.414078 -0.112281 -0.903260
1317388492.305152178 -30.222478 185.694845 -284.061959 -0.005287 0.413555 -0.112981 -0.903426
1317388492.408916473 -29.653755 185.951250 -283.280413 -0.005287 0.413555 -0.112981 -0.903426
1317388492.616293669 -28.533619 186.477528 -281.709544 -0.001433 0.411913 -0.117079 -0.903669
1317388492.720023155 -27.998422 186.799139 -280.928357 -0.001433 0.411913 -0.117079 -0.903669
1317388492.823648453 -27.473558 187.127262 -280.142884 0.001202 0.411613 -0.117443 -0.903759
1317388493.031023741 -26.307166 187.572329 -278.589776 0.001202 0.411613 -0.117443 -0.903759
1317388493.238545656 -25.154229 188.049676 -277.037450 0.002578 0.412237 -0.118550 -0.903327
1317388493.445901155 -24.099456 188.787276 -275.507313 -0.000895 0.413967 -0.118480 -0.902548
1317388493.653401375 -22.960073 189.161171 -273.926397 0.000863 0.415382 -0.117315 -0.902050
1317388493.757152319 -22.409010 189.434701 -273.137887 0.000863 0.415382 -0.117315 -0.902050
1317388493.860898972 -21.863825 189.728724 -272.352806 0.000863 0.415382 -0.117315 -0.902050
1317388494.068399191 -20.755440 190.243633 -270.769700 -0.000349 0.417971 -0.117877 -0.900780
1317388494.172168970 -20.198657 190.506529 -269.981586 0.000611 0.420015 -0.117573 -0.899869
1317388494.275902748 -19.676035 190.809968 -269.184666 0.000611 0.420015 -0.117573 -0.899869
1317388494.379654169 -19.137980 191.107482 -268.395934 0.000611 0.420015 -0.117573 -0.899869
1317388494.587028503 -18.105222 191.762758 -266.813678 -0.000686 0.426079 -0.120474 -0.896629
1317388494.794528961 -16.958652 192.659547 -265.457864 -0.003471 0.434448 -0.124592 -0.892031
1317388495.002047300 -15.995924 192.559756 -263.869579 -0.002570 0.439212 -0.125285 -0.889601
1317388495.209401131 -15.913992 193.437628 -263.112850 -0.002570 0.439212 -0.125285 -0.889601
1317388495.416923046 -16.658014 195.175884 -263.316607 -0.006005 0.447714 -0.127501 -0.885020
1317388495.520754099 -16.217276 195.533699 -262.493314 -0.006005 0.447714 -0.127501 -0.885020
1317388495.832134724 -15.009174 195.597245 -261.070686 -0.014413 0.461507 -0.132055 -0.877135
